crossing time (s)	slope (V/s)	crossing number
281474976710655.000000	25.735510	1367	2304353024.000000
281474976710655.000000	27.774443	1368	2305377792.000000
281474976710655.000000	25.968367	1369	2306439168.000000
281474976710655.000000	25.071173	1370	2307464704.000000
281474976710655.000000	27.558363	1371	2308527616.000000
281474976710655.000000	26.649406	1372	2309553152.000000
281474976710655.000000	24.910805	1373	2310611456.000000
281474976710655.000000	25.565395	1374	2311638272.000000
281474976710655.000000	22.339069	1375	2312697856.000000
281474976710655.000000	24.343109	1376	2313727232.000000
281474976710655.000000	28.378588	1377	2314784768.000000
281474976710655.000000	27.607054	1378	2315813632.000000
281474976710655.000000	23.845682	1379	2316870144.000000
281474976710655.000000	23.043272	1380	2317899520.000000
281474976710655.000000	22.434597	1381	2318958848.000000
281474976710655.000000	23.798475	1382	2319986176.000000
281474976710655.000000	23.082384	1383	2321045760.000000
281474976710655.000000	24.592308	1384	2322071040.000000
281474976710655.000000	22.919544	1385	2323133184.000000
281474976710655.000000	21.105780	1386	2324157184.000000
281474976710655.000000	22.013985	1387	2325221120.000000
281474976710655.000000	23.114891	1388	2326244864.000000
281474976710655.000000	19.758150	1389	2327305984.000000
281474976710655.000000	22.358780	1390	2328332800.000000
281474976710655.000000	21.848799	1391	2329389568.000000
281474976710655.000000	21.799517	1392	2330422784.000000
281474976710655.000000	22.304270	1393	2331473408.000000
281474976710655.000000	20.964048	1394	2332513280.000000
281474976710655.000000	20.642429	1395	2333555712.000000
281474976710655.000000	21.882051	1396	2334604544.000000
281474976710655.000000	22.347528	1397	2335638784.000000
281474976710655.000000	21.983669	1398	2336693248.000000
281474976710655.000000	20.597393	1399	2337723648.000000
281474976710655.000000	19.221739	1400	2338782208.000000
281474976710655.000000	20.869549	1401	2339810048.000000
281474976710655.000000	19.999928	1402	2340867840.000000
281474976710655.000000	21.018478	1403	2341898240.000000
281474976710655.000000	19.395721	1404	2342951936.000000
281474976710655.000000	18.786493	1405	2343988224.000000
281474976710655.000000	19.157339	1406	2345035520.000000
281474976710655.000000	19.067846	1407	2346078208.000000
281474976710655.000000	18.927105	1408	2347119360.000000
281474976710655.000000	18.966488	1409	2348168448.000000
281474976710655.000000	19.107790	1410	2349202944.000000
281474976710655.000000	19.418337	1411	2350257408.000000
281474976710655.000000	19.230671	1412	2351287808.000000
281474976710655.000000	17.130480	1413	2352346624.000000
281474976710655.000000	18.722273	1414	2353373184.000000
281474976710655.000000	18.616756	1415	2354434560.000000
281474976710655.000000	18.887857	1416	2355459328.000000
281474976710655.000000	17.885941	1417	2356521472.000000
281474976710655.000000	18.156958	1418	2357546240.000000
281474976710655.000000	18.156036	1419	2358608384.000000
281474976710655.000000	18.481102	1420	2359633152.000000
281474976710655.000000	18.184765	1421	2360694784.000000
281474976710655.000000	17.623640	1422	2361720832.000000
281474976710655.000000	17.686771	1423	2362780928.000000
281474976710655.000000	17.688086	1424	2363809280.000000
281474976710655.000000	18.080187	1425	2364866048.000000
281474976710655.000000	18.097355	1426	2365898240.000000
281474976710655.000000	17.382666	1427	2366949632.000000
281474976710655.000000	16.965813	1428	2367988224.000000
281474976710655.000000	17.399025	1429	2369033472.000000
281474976710655.000000	17.382746	1430	2370078720.000000
281474976710655.000000	16.813757	1431	2371116800.000000
281474976710655.000000	16.355732	1432	2372169216.000000
281474976710655.000000	17.338333	1433	2373200896.000000
281474976710655.000000	16.772556	1434	2374258432.000000
281474976710655.000000	16.721432	1435	2375286272.000000
281474976710655.000000	17.016842	1436	2376346368.000000
281474976710655.000000	16.813705	1437	2377373440.000000
281474976710655.000000	16.488531	1438	2378432768.000000
281474976710655.000000	17.082375	1439	2379461888.000000
281474976710655.000000	16.600281	1440	2380517632.000000
281474976710655.000000	16.630911	1441	2381551360.000000
281474976710655.000000	16.703016	1442	2382600960.000000
281474976710655.000000	16.481493	1443	2383642368.000000
281474976710655.000000	16.831055	1444	2384684288.000000
281474976710655.000000	16.215338	1445	2385733120.000000
281474976710655.000000	16.222980	1446	2386767872.000000
281474976710655.000000	15.922664	1447	2387823360.000000
281474976710655.000000	15.942802	1448	2388851968.000000
281474976710655.000000	16.580641	1449	2389913088.000000
281474976710655.000000	15.658781	1450	2390936832.000000
281474976710655.000000	15.777289	1451	2392001792.000000
281474976710655.000000	16.078123	1452	2393022720.000000
281474976710655.000000	15.876464	1453	2394089472.000000
281474976710655.000000	15.943277	1454	2395109632.000000
281474976710655.000000	15.962403	1455	2396176640.000000
281474976710655.000000	15.446822	1456	2397196544.000000
281474976710655.000000	15.543739	1457	2398263552.000000
281474976710655.000000	15.677063	1458	2399283712.000000
281474976710655.000000	15.595234	1459	2400350720.000000
281474976710655.000000	15.956354	1460	2401370880.000000
281474976710655.000000	15.686409	1461	2402438144.000000
281474976710655.000000	15.798445	1462	2403458048.000000
281474976710655.000000	16.102100	1463	2404525312.000000
281474976710655.000000	15.204065	1464	2405544960.000000
281474976710655.000000	15.472480	1465	2406612224.000000
281474976710655.000000	15.581086	1466	2407632640.000000
281474976710655.000000	15.802670	1467	2408699136.000000
281474976710655.000000	15.297359	1468	2409720320.000000
281474976710655.000000	15.048467	1469	2410785024.000000
281474976710655.000000	15.537153	1470	2411809280.000000
281474976710655.000000	15.008387	1471	2412869888.000000
281474976710655.000000	14.925694	1472	2413898752.000000
281474976710655.000000	15.486887	1473	2414953728.000000
281474976710655.000000	14.789346	1474	2415988992.000000
281474976710655.000000	15.055955	1475	2417037312.000000
281474976710655.000000	15.237928	1476	2418080256.000000
281474976710655.000000	15.235182	1477	2419120896.000000
281474976710655.000000	15.361292	1478	2420171008.000000
281474976710655.000000	15.091786	1479	2421204736.000000
281474976710655.000000	14.957351	1480	2422260224.000000
281474976710655.000000	15.301813	1481	2423289600.000000
281474976710655.000000	14.952526	1482	2424349440.000000
281474976710655.000000	14.957029	1483	2425375744.000000
281474976710655.000000	15.270286	1484	2426437120.000000
281474976710655.000000	15.389494	1485	2427462912.000000
281474976710655.000000	15.106634	1486	2428523008.000000
281474976710655.000000	15.183742	1487	2429551872.000000
281474976710655.000000	14.700706	1488	2430608640.000000
281474976710655.000000	14.936550	1489	2431640832.000000
281474976710655.000000	14.804230	1490	2432693504.000000
281474976710655.000000	14.423750	1491	2433730816.000000
281474976710655.000000	15.013149	1492	2434778112.000000
281474976710655.000000	15.179708	1493	2435820544.000000
281474976710655.000000	14.949797	1494	2436862720.000000
281474976710655.000000	14.987526	1495	2437909760.000000
281474976710655.000000	15.033495	1496	2438948352.000000
281474976710655.000000	14.914141	1497	2439998464.000000
281474976710655.000000	14.843478	1498	2441033984.000000
281474976710655.000000	14.728573	1499	2442086912.000000
281474976710655.000000	14.931124	1500	2443120384.000000
281474976710655.000000	14.843785	1501	2444174592.000000
281474976710655.000000	14.622261	1502	2445207296.000000
281474976710655.000000	14.833028	1503	2446261504.000000
281474976710655.000000	14.626807	1504	2447295232.000000
281474976710655.000000	15.360495	1505	2448347904.000000
281474976710655.000000	14.393543	1506	2449382912.000000
281474976710655.000000	14.773483	1507	2450434048.000000
281474976710655.000000	14.921252	1508	2451471872.000000
281474976710655.000000	14.702101	1509	2452519424.000000
281474976710655.000000	14.737813	1510	2453561088.000000
281474976710655.000000	14.465508	1511	2454604288.000000
281474976710655.000000	14.233859	1512	2455650304.000000
281474976710655.000000	15.043975	1513	2456689408.000000
281474976710655.000000	15.064918	1514	2457740288.000000
281474976710655.000000	14.827283	1515	2458774528.000000
281474976710655.000000	14.188119	1516	2459829760.000000
281474976710655.000000	14.531516	1517	2460859904.000000
281474976710655.000000	14.855598	1518	2461918720.000000
281474976710655.000000	14.346251	1519	2462945792.000000
281474976710655.000000	14.940245	1520	2464006656.000000
281474976710655.000000	14.361523	1521	2465032192.000000
281474976710655.000000	14.756407	1522	2466093568.000000
281474976710655.000000	15.009494	1523	2467120640.000000
281474976710655.000000	14.940842	1524	2468179968.000000
281474976710655.000000	14.374090	1525	2469209344.000000
281474976710655.000000	14.584527	1526	2470265088.000000
281474976710655.000000	14.445108	1527	2471298816.000000
281474976710655.000000	14.855432	1528	2472349952.000000
281474976710655.000000	14.100445	1529	2473388800.000000
281474976710655.000000	14.265585	1530	2474434048.000000
281474976710655.000000	14.192777	1531	2475479040.000000
281474976710655.000000	14.777750	1532	2476518656.000000
281474976710655.000000	14.646433	1533	2477569024.000000
281474976710655.000000	14.762661	1534	2478603264.000000
281474976710655.000000	14.186786	1535	2479658496.000000
281474976710655.000000	14.657239	1536	2480688640.000000
281474976710655.000000	14.338264	1537	2481747456.000000
281474976710655.000000	14.230862	1538	2482774016.000000
281474976710655.000000	14.751700	1539	2483836160.000000
281474976710655.000000	14.197041	1540	2484859904.000000
281474976710655.000000	14.576750	1541	2485924352.000000
281474976710655.000000	14.492985	1542	2486946816.000000
281474976710655.000000	13.953543	1543	2488011776.000000
281474976710655.000000	14.087100	1544	2489033472.000000
281474976710655.000000	14.399970	1545	2490099456.000000
281474976710655.000000	14.526289	1546	2491120896.000000
281474976710655.000000	14.598137	1547	2492185856.000000
281474976710655.000000	14.053616	1548	2493208064.000000
281474976710655.000000	14.790669	1549	2494273280.000000
281474976710655.000000	14.511287	1550	2495296512.000000
281474976710655.000000	14.191065	1551	2496360192.000000
281474976710655.000000	14.527910	1552	2497384192.000000
281474976710655.000000	14.042889	1553	2498446592.000000
281474976710655.000000	14.254860	1554	2499472640.000000
281474976710655.000000	14.400897	1555	2500532480.000000
281474976710655.000000	13.921308	1556	2501561600.000000
281474976710655.000000	14.723779	1557	2502618112.000000
281474976710655.000000	14.250017	1558	2503650560.000000
281474976710655.000000	14.352540	1559	2504703488.000000
281474976710655.000000	14.639990	1560	2505739776.000000
281474976710655.000000	14.153496	1561	2506788608.000000
281474976710655.000000	14.683709	1562	2507829504.000000
281474976710655.000000	14.336998	1563	2508873216.000000
281474976710655.000000	14.736625	1564	2509919232.000000
281474976710655.000000	14.713779	1565	2510958080.000000
281474976710655.000000	14.429804	1566	2512008704.000000
281474976710655.000000	14.372336	1567	2513043200.000000
281474976710655.000000	14.463386	1568	2514098176.000000
281474976710655.000000	14.395862	1569	2515128832.000000
281474976710655.000000	14.331449	1570	2516186880.000000
281474976710655.000000	14.520280	1571	2517214976.000000
281474976710655.000000	14.546869	1572	2518275328.000000
281474976710655.000000	14.278719	1573	2519301376.000000
281474976710655.000000	14.439006	1574	2520363008.000000
281474976710655.000000	13.975636	1575	2521388800.000000
281474976710655.000000	14.696305	1576	2522450176.000000
281474976710655.000000	14.256866	1577	2523476480.000000
281474976710655.000000	14.530083	1578	2524536832.000000
281474976710655.000000	14.084779	1579	2525564672.000000
281474976710655.000000	14.682705	1580	2526623232.000000
281474976710655.000000	14.494297	1581	2527652864.000000
281474976710655.000000	14.279441	1582	2528709376.000000
281474976710655.000000	13.965652	1583	2529741056.000000
281474976710655.000000	14.234426	1584	2530795520.000000
281474976710655.000000	13.777688	1585	2531829504.000000
281474976710655.000000	14.152999	1586	2532881664.000000
281474976710655.000000	14.367028	1587	2533917440.000000
281474976710655.000000	13.696609	1588	2534968320.000000
281474976710655.000000	14.500642	1589	2536005888.000000
281474976710655.000000	14.175463	1590	2537054976.000000
281474976710655.000000	14.216921	1591	2538093312.000000
281474976710655.000000	14.255843	1592	2539141632.000000
281474976710655.000000	14.205230	1593	2540180224.000000
281474976710655.000000	13.779973	1594	2541228800.000000
281474976710655.000000	14.158857	1595	2542267392.000000
281474976710655.000000	13.684230	1596	2543316992.000000
281474976710655.000000	14.439398	1597	2544353792.000000
281474976710655.000000	14.217316	1598	2545404160.000000
281474976710655.000000	13.992673	1599	2546440192.000000
281474976710655.000000	14.286519	1600	2547492864.000000
281474976710655.000000	14.159425	1601	2548526336.000000
281474976710655.000000	14.511610	1602	2549580800.000000
281474976710655.000000	14.557944	1603	2550612480.000000
281474976710655.000000	14.770028	1604	2551669504.000000
281474976710655.000000	14.753420	1605	2552698880.000000
281474976710655.000000	14.667505	1606	2553757696.000000
281474976710655.000000	14.416901	1607	2554785024.000000
281474976710655.000000	14.483942	1608	2555845376.000000
281474976710655.000000	14.243385	1609	2556871680.000000
281474976710655.000000	14.424534	1610	2557933312.000000
281474976710655.000000	14.280590	1611	2558958848.000000
281474976710655.000000	14.763537	1612	2560020224.000000
281474976710655.000000	14.726111	1613	2561046528.000000
281474976710655.000000	14.809636	1614	2562107136.000000
281474976710655.000000	14.245146	1615	2563134208.000000
281474976710655.000000	14.784204	1616	2564193536.000000
281474976710655.000000	14.402287	1617	2565222656.000000
281474976710655.000000	14.698863	1618	2566279424.000000
281474976710655.000000	14.736347	1619	2567311616.000000
281474976710655.000000	14.700645	1620	2568365056.000000
281474976710655.000000	14.613438	1621	2569400064.000000
281474976710655.000000	14.276263	1622	2570450688.000000
281474976710655.000000	14.359881	1623	2571489024.000000
281474976710655.000000	14.491479	1624	2572536064.000000
281474976710655.000000	14.649830	1625	2573578496.000000
281474976710655.000000	14.488443	1626	2574621696.000000
281474976710655.000000	14.290300	1627	2575667456.000000
281474976710655.000000	14.500306	1628	2576707328.000000
281474976710655.000000	14.192838	1629	2577756160.000000
281474976710655.000000	14.769585	1630	2578793216.000000
281474976710655.000000	14.156709	1631	2579844864.000000
281474976710655.000000	13.978785	1632	2580879104.000000
281474976710655.000000	13.789037	1633	2581933312.000000
281474976710655.000000	14.074633	1634	2582965504.000000
281474976710655.000000	13.929752	1635	2584021504.000000
281474976710655.000000	14.099984	1636	2585051904.000000
281474976710655.000000	14.008859	1637	2586109184.000000
281474976710655.000000	14.134193	1638	2587139072.000000
281474976710655.000000	14.586430	1639	2588197120.000000
281474976710655.000000	14.119495	1640	2589225984.000000
281474976710655.000000	14.243190	1641	2590284544.000000
281474976710655.000000	14.204091	1642	2591313408.000000
281474976710655.000000	14.313117	1643	2592371200.000000
281474976710655.000000	14.521418	1644	2593401344.000000
281474976710655.000000	14.185165	1645	2594458112.000000
281474976710655.000000	14.366093	1646	2595488768.000000
281474976710655.000000	14.109330	1647	2596544768.000000
281474976710655.000000	14.278403	1648	2597576960.000000
281474976710655.000000	14.310229	1649	2598631424.000000
281474976710655.000000	14.547751	1650	2599665152.000000
281474976710655.000000	14.224464	1651	2600717568.000000
281474976710655.000000	14.187895	1652	2601753600.000000
281474976710655.000000	14.208445	1653	2602803968.000000
281474976710655.000000	13.944324	1654	2603842048.000000
281474976710655.000000	14.229884	1655	2604889856.000000
281474976710655.000000	14.323611	1656	2605930752.000000
281474976710655.000000	14.529921	1657	2606975744.000000
281474976710655.000000	14.178648	1658	2608019712.000000
281474976710655.000000	14.441627	1659	2609061120.000000
281474976710655.000000	14.171792	1660	2610108672.000000
281474976710655.000000	14.598134	1661	2611147008.000000
281474976710655.000000	14.515753	1662	2612197632.000000
281474976710655.000000	14.875793	1663	2613232896.000000
281474976710655.000000	14.451988	1664	2614286080.000000
281474976710655.000000	14.238832	1665	2615318784.000000
281474976710655.000000	14.652189	1666	2616374784.000000
281474976710655.000000	14.032398	1667	2617404928.000000
281474976710655.000000	14.617929	1668	2618463232.000000
281474976710655.000000	14.294483	1669	2619491584.000000
281474976710655.000000	14.375068	1670	2620551168.000000
281474976710655.000000	14.812109	1671	2621577984.000000
281474976710655.000000	14.605915	1672	2622639104.000000
281474976710655.000000	14.751485	1673	2623665152.000000
281474976710655.000000	14.566266	1674	2624726528.000000
281474976710655.000000	13.963579	1675	2625752064.000000
281474976710655.000000	14.980583	1676	2626813696.000000
281474976710655.000000	14.384523	1677	2627839744.000000
281474976710655.000000	14.913418	1678	2628900864.000000
281474976710655.000000	14.504471	1679	2629926912.000000
281474976710655.000000	14.698368	1680	2630987776.000000
281474976710655.000000	14.281039	1681	2632015104.000000
281474976710655.000000	14.112169	1682	2633074176.000000
281474976710655.000000	14.424111	1683	2634102784.000000
281474976710655.000000	14.690898	1684	2635161088.000000
281474976710655.000000	14.330727	1685	2636190720.000000
281474976710655.000000	14.124747	1686	2637247488.000000
281474976710655.000000	14.574549	1687	2638278656.000000
281474976710655.000000	14.469006	1688	2639334400.000000
281474976710655.000000	14.803343	1689	2640366080.000000
281474976710655.000000	14.406753	1690	2641421056.000000
281474976710655.000000	14.261556	1691	2642454016.000000
281474976710655.000000	14.171353	1692	2643508224.000000
281474976710655.000000	13.980740	1693	2644540928.000000
281474976710655.000000	14.149020	1694	2645595136.000000
281474976710655.000000	14.104204	1695	2646628096.000000
281474976710655.000000	14.466114	1696	2647683072.000000
281474976710655.000000	14.446787	1697	2648715520.000000
281474976710655.000000	14.035467	1698	2649770240.000000
281474976710655.000000	14.209438	1699	2650802176.000000
281474976710655.000000	14.106236	1700	2651858176.000000
281474976710655.000000	14.282051	1701	2652889088.000000
281474976710655.000000	14.218267	1702	2653945856.000000
281474976710655.000000	14.147881	1703	2654976000.000000
281474976710655.000000	14.649192	1704	2656033792.000000
281474976710655.000000	14.384625	1705	2657062656.000000
281474976710655.000000	14.522073	1706	2658121472.000000
281474976710655.000000	14.411529	1707	2659149312.000000
281474976710655.000000	14.061719	1708	2660209408.000000
281474976710655.000000	14.160690	1709	2661236480.000000
281474976710655.000000	14.480599	1710	2662297344.000000
281474976710655.000000	14.913363	1711	2663323136.000000
281474976710655.000000	14.350840	1712	2664384256.000000
281474976710655.000000	14.486486	1713	2665410304.000000
281474976710655.000000	14.551335	1714	2666472192.000000
281474976710655.000000	14.233757	1715	2667497728.000000
281474976710655.000000	14.809671	1716	2668558848.000000
281474976710655.000000	14.756456	1717	2669585152.000000
281474976710655.000000	14.277886	1718	2670646016.000000
281474976710655.000000	14.845949	1719	2671673088.000000
281474976710655.000000	14.327376	1720	2672732928.000000
281474976710655.000000	14.398508	1721	2673761024.000000
281474976710655.000000	15.009784	1722	2674819072.000000
281474976710655.000000	14.735952	1723	2675848960.000000
281474976710655.000000	14.457718	1724	2676905472.000000
281474976710655.000000	14.390455	1725	2677937408.000000
281474976710655.000000	14.095251	1726	2678991872.000000
281474976710655.000000	14.286054	1727	2680025600.000000
281474976710655.000000	14.229642	1728	2681078016.000000
281474976710655.000000	14.208282	1729	2682113792.000000
281474976710655.000000	14.376356	1730	2683164160.000000
281474976710655.000000	14.166309	1731	2684202496.000000
281474976710655.000000	14.478799	1732	2685250304.000000
281474976710655.000000	14.671293	1733	2686290688.000000
281474976710655.000000	14.250562	1734	2687336704.000000
281474976710655.000000	14.378338	1735	2688379136.000000
281474976710655.000000	14.877808	1736	2689423104.000000
281474976710655.000000	14.199489	1737	2690467072.000000
281474976710655.000000	14.195180	1738	2691509504.000000
281474976710655.000000	14.843311	1739	2692554752.000000
281474976710655.000000	14.556460	1740	2693596672.000000
281474976710655.000000	14.446337	1741	2694642944.000000
281474976710655.000000	14.500573	1742	2695683072.000000
281474976710655.000000	13.936227	1743	2696730624.000000
281474976710655.000000	14.408732	1744	2697769984.000000
281474976710655.000000	14.417911	1745	2698818304.000000
281474976710655.000000	14.484856	1746	2699857664.000000
281474976710655.000000	14.079079	1747	2700905216.000000
281474976710655.000000	14.588391	1748	2701944320.000000
281474976710655.000000	14.380143	1749	2702992384.000000
281474976710655.000000	14.676380	1750	2704032512.000000
281474976710655.000000	14.661955	1751	2705079808.000000
281474976710655.000000	14.496472	1752	2706119424.000000
281474976710655.000000	14.623115	1753	2707166464.000000
281474976710655.000000	14.268187	1754	2708207872.000000
281474976710655.000000	14.754777	1755	2709253632.000000
281474976710655.000000	14.681788	1756	2710295552.000000
281474976710655.000000	14.214892	1757	2711340288.000000
281474976710655.000000	14.183061	1758	2712383488.000000
281474976710655.000000	14.161963	1759	2713426688.000000
281474976710655.000000	14.462901	1760	2714471424.000000
281474976710655.000000	14.483254	1761	2715513088.000000
281474976710655.000000	14.218875	1762	2716559360.000000
281474976710655.000000	14.632753	1763	2717599744.000000
281474976710655.000000	14.211426	1764	2718647808.000000
281474976710655.000000	14.355723	1765	2719685888.000000
281474976710655.000000	14.236689	1766	2720736000.000000
281474976710655.000000	14.242892	1767	2721772032.000000
281474976710655.000000	14.941970	1768	2722823936.000000
281474976710655.000000	14.777103	1769	2723858688.000000
281474976710655.000000	14.569787	1770	2724912128.000000
281474976710655.000000	14.596101	1771	2725945344.000000
281474976710655.000000	14.203886	1772	2727000064.000000
281474976710655.000000	14.402511	1773	2728031744.000000
281474976710655.000000	14.570972	1774	2729088000.000000
281474976710655.000000	14.083901	1775	2730118144.000000
281474976710655.000000	14.799349	1776	2731176192.000000
281474976710655.000000	14.203881	1777	2732204800.000000
281474976710655.000000	14.586234	1778	2733264128.000000
281474976710655.000000	14.118994	1779	2734291712.000000
281474976710655.000000	14.420359	1780	2735351808.000000
281474976710655.000000	14.243402	1781	2736378368.000000
281474976710655.000000	14.375593	1782	2737439488.000000
281474976710655.000000	14.244762	1783	2738465536.000000
281474976710655.000000	14.361089	1784	2739527168.000000
281474976710655.000000	14.529968	1785	2740552704.000000
281474976710655.000000	14.369226	1786	2741614592.000000
281474976710655.000000	14.544497	1787	2742639872.000000
281474976710655.000000	14.459744	1788	2743701504.000000
281474976710655.000000	14.051201	1789	2744727040.000000
281474976710655.000000	14.451693	1790	2745788672.000000
281474976710655.000000	14.181451	1791	2746814464.000000
281474976710655.000000	14.476249	1792	2747876096.000000
281474976710655.000000	14.159900	1793	2748902144.000000
281474976710655.000000	14.705826	1794	2749963008.000000
281474976710655.000000	14.106175	1795	2750989568.000000
281474976710655.000000	14.850542	1796	2752050176.000000
281474976710655.000000	14.084163	1797	2753076480.000000
281474976710655.000000	14.708847	1798	2754137344.000000
281474976710655.000000	14.653341	1799	2755164160.000000
281474976710655.000000	14.534595	1800	2756224512.000000
281474976710655.000000	14.154426	1801	2757251584.000000
281474976710655.000000	14.350992	1802	2758311424.000000
281474976710655.000000	14.418733	1803	2759338496.000000
281474976710655.000000	14.641914	1804	2760398848.000000
281474976710655.000000	14.089926	1805	2761425664.000000
281474976710655.000000	14.506000	1806	2762486272.000000
281474976710655.000000	14.456846	1807	2763512576.000000
281474976710655.000000	14.662909	1808	2764573952.000000
281474976710655.000000	14.088475	1809	2765600000.000000
281474976710655.000000	14.412615	1810	2766660864.000000
281474976710655.000000	14.306599	1811	2767687168.000000
281474976710655.000000	13.981153	1812	2768748288.000000
281474976710655.000000	14.829389	1813	2769774336.000000
281474976710655.000000	14.470687	1814	2770835968.000000
281474976710655.000000	14.577191	1815	2771861760.000000
281474976710655.000000	14.725563	1816	2772923392.000000
281474976710655.000000	14.288401	1817	2773948928.000000
281474976710655.000000	14.537196	1818	2775010304.000000
281474976710655.000000	14.593142	1819	2776036608.000000
281474976710655.000000	14.671888	1820	2777097984.000000
281474976710655.000000	14.380301	1821	2778123520.000000
281474976710655.000000	14.557669	1822	2779184896.000000
281474976710655.000000	14.141467	1823	2780211200.000000
281474976710655.000000	14.796791	1824	2781271808.000000
281474976710655.000000	14.322501	1825	2782298880.000000
281474976710655.000000	14.607508	1826	2783358720.000000
281474976710655.000000	14.152194	1827	2784386304.000000
281474976710655.000000	14.363276	1828	2785445888.000000
281474976710655.000000	14.423822	1829	2786473984.000000
281474976710655.000000	15.035176	1830	2787532800.000000
281474976710655.000000	14.604634	1831	2788561664.000000
281474976710655.000000	14.576798	1832	2789619712.000000
281474976710655.000000	14.491337	1833	2790649600.000000
281474976710655.000000	14.354763	1834	2791706368.000000
281474976710655.000000	14.284132	1835	2792737280.000000
281474976710655.000000	14.401641	1836	2793793280.000000
281474976710655.000000	14.426394	1837	2794825216.000000
281474976710655.000000	14.688049	1838	2795879936.000000
281474976710655.000000	14.305318	1839	2796913152.000000
281474976710655.000000	14.765890	1840	2797966336.000000
281474976710655.000000	14.770089	1841	2799000576.000000
281474976710655.000000	14.881437	1842	2800053248.000000
281474976710655.000000	14.671635	1843	2801088512.000000
281474976710655.000000	14.296928	1844	2802139904.000000
281474976710655.000000	14.408717	1845	2803176448.000000
281474976710655.000000	14.749792	1846	2804226816.000000
281474976710655.000000	14.588468	1847	2805263872.000000
281474976710655.000000	14.148081	1848	2806313472.000000
281474976710655.000000	14.414067	1849	2807351808.000000
281474976710655.000000	14.558358	1850	2808400640.000000
281474976710655.000000	14.874847	1851	2809439488.000000
281474976710655.000000	14.511514	1852	2810487552.000000
281474976710655.000000	14.288183	1853	2811527168.000000
281474976710655.000000	14.761865	1854	2812574720.000000
281474976710655.000000	14.290112	1855	2813614336.000000
281474976710655.000000	14.372001	1856	2814661888.000000
281474976710655.000000	14.114713	1857	2815701504.000000
281474976710655.000000	14.360941	1858	2816749056.000000
281474976710655.000000	14.295774	1859	2817788928.000000
281474976710655.000000	14.251733	1860	2818836480.000000
281474976710655.000000	14.553497	1861	2819876096.000000
281474976710655.000000	14.167778	1862	2820924160.000000
281474976710655.000000	14.967133	1863	2821963264.000000
281474976710655.000000	14.181752	1864	2823011840.000000
281474976710655.000000	14.391481	1865	2824050176.000000
281474976710655.000000	14.508305	1866	2825099520.000000
281474976710655.000000	14.217474	1867	2826137088.000000
281474976710655.000000	14.628513	1868	2827187200.000000
281474976710655.000000	14.677384	1869	2828224000.000000
281474976710655.000000	14.636734	1870	2829274880.000000
281474976710655.000000	14.518776	1871	2830310912.000000
281474976710655.000000	14.665184	1872	2831362560.000000
281474976710655.000000	14.740952	1873	2832397824.000000
281474976710655.000000	14.602567	1874	2833450752.000000
281474976710655.000000	14.968833	1875	2834484480.000000
281474976710655.000000	14.664542	1876	2835538688.000000
281474976710655.000000	14.285233	1877	2836571392.000000
281474976710655.000000	14.394311	1878	2837626368.000000
281474976710655.000000	14.425394	1879	2838658048.000000
281474976710655.000000	14.826366	1880	2839714304.000000
281474976710655.000000	14.814337	1881	2840744960.000000
281474976710655.000000	14.506406	1882	2841801984.000000
281474976710655.000000	14.241691	1883	2842831616.000000
281474976710655.000000	14.825686	1884	2843889664.000000
281474976710655.000000	14.386733	1885	2844918528.000000
281474976710655.000000	14.503735	1886	2845977600.000000
281474976710655.000000	14.636418	1887	2847005696.000000
281474976710655.000000	14.473190	1888	2848065024.000000
281474976710655.000000	14.484075	1889	2849092352.000000
281474976710655.000000	15.018414	1890	2850152704.000000
281474976710655.000000	14.227718	1891	2851179520.000000
281474976710655.000000	14.718820	1892	2852240384.000000
281474976710655.000000	14.259852	1893	2853266688.000000
281474976710655.000000	14.544797	1894	2854327808.000000
281474976710655.000000	14.530650	1895	2855353600.000000
281474976710655.000000	14.802515	1896	2856414720.000000
281474976710655.000000	14.951001	1897	2857440768.000000
281474976710655.000000	14.357967	1898	2858502144.000000
281474976710655.000000	14.233515	1899	2859528448.000000
281474976710655.000000	14.465165	1900	2860590080.000000
281474976710655.000000	14.847733	1901	2861615616.000000
281474976710655.000000	14.210634	1902	2862677504.000000
281474976710655.000000	14.701509	1903	2863702784.000000
281474976710655.000000	14.727934	1904	2864764160.000000
281474976710655.000000	14.489570	1905	2865789952.000000
281474976710655.000000	14.715834	1906	2866852096.000000
281474976710655.000000	14.341737	1907	2867877376.000000
281474976710655.000000	14.446487	1908	2868938752.000000
281474976710655.000000	14.203588	1909	2869965056.000000
281474976710655.000000	14.376571	1910	2871025920.000000
281474976710655.000000	14.290522	1911	2872051968.000000
281474976710655.000000	14.081905	1912	2873113600.000000
281474976710655.000000	14.286449	1913	2874139392.000000
281474976710655.000000	14.348593	1914	2875201280.000000
281474976710655.000000	14.132040	1915	2876226560.000000
281474976710655.000000	14.721055	1916	2877287936.000000
281474976710655.000000	14.885098	1917	2878313728.000000
281474976710655.000000	14.536520	1918	2879375616.000000
281474976710655.000000	13.980632	1919	2880400896.000000
281474976710655.000000	15.065093	1920	2881462784.000000
281474976710655.000000	14.660769	1921	2882488576.000000
281474976710655.000000	14.257302	1922	2883549696.000000
281474976710655.000000	14.412554	1923	2884575744.000000
281474976710655.000000	14.634139	1924	2885637632.000000
281474976710655.000000	14.367035	1925	2886662912.000000
281474976710655.000000	14.153975	1926	2887724288.000000
281474976710655.000000	14.671606	1927	2888750080.000000
281474976710655.000000	14.380044	1928	2889811712.000000
281474976710655.000000	14.598718	1929	2890838016.000000
281474976710655.000000	15.024729	1930	2891898880.000000
281474976710655.000000	14.297436	1931	2892924928.000000
281474976710655.000000	14.898609	1932	2893986304.000000
281474976710655.000000	14.821218	1933	2895012608.000000
281474976710655.000000	14.679452	1934	2896073472.000000
281474976710655.000000	14.288159	1935	2897099776.000000
281474976710655.000000	14.850200	1936	2898160640.000000
281474976710655.000000	14.216996	1937	2899187200.000000
281474976710655.000000	14.461349	1938	2900247552.000000
281474976710655.000000	14.335669	1939	2901274880.000000
281474976710655.000000	14.938374	1940	2902334720.000000
281474976710655.000000	14.016439	1941	2903362560.000000
281474976710655.000000	14.749496	1942	2904421632.000000
281474976710655.000000	14.424739	1943	2905449472.000000
281474976710655.000000	14.718214	1944	2906508800.000000
281474976710655.000000	14.329723	1945	2907537664.000000
281474976710655.000000	14.720929	1946	2908595712.000000
281474976710655.000000	14.348185	1947	2909625344.000000
281474976710655.000000	14.220395	1948	2910682368.000000
281474976710655.000000	14.363214	1949	2911712512.000000
281474976710655.000000	14.405365	1950	2912769280.000000
281474976710655.000000	14.444993	1951	2913800448.000000
281474976710655.000000	14.412668	1952	2914855936.000000
281474976710655.000000	14.458729	1953	2915888384.000000
281474976710655.000000	14.471096	1954	2916942848.000000
281474976710655.000000	14.823320	1955	2917976320.000000
281474976710655.000000	14.385421	1956	2919030016.000000
281474976710655.000000	14.247134	1957	2920063744.000000
281474976710655.000000	14.403360	1958	2921116928.000000
281474976710655.000000	14.410993	1959	2922151424.000000
281474976710655.000000	14.354704	1960	2923203840.000000
281474976710655.000000	14.379725	1961	2924238592.000000
281474976710655.000000	14.607343	1962	2925290752.000000
281474976710655.000000	14.493016	1963	2926326784.000000
281474976710655.000000	14.230440	1964	2927377408.000000
281474976710655.000000	14.344158	1965	2928413952.000000
281474976710655.000000	14.375579	1966	2929464576.000000
281474976710655.000000	14.477209	1967	2930501632.000000
281474976710655.000000	14.169791	1968	2931551232.000000
281474976710655.000000	14.554970	1969	2932588800.000000
281474976710655.000000	14.585595	1970	2933638656.000000
281474976710655.000000	14.395710	1971	2934675968.000000
281474976710655.000000	14.095664	1972	2935725824.000000
281474976710655.000000	14.736169	1973	2936763904.000000
281474976710655.000000	14.552114	1974	2937813248.000000
281474976710655.000000	14.502695	1975	2938850560.000000
281474976710655.000000	14.405168	1976	2939900416.000000
281474976710655.000000	14.590138	1977	2940937984.000000
281474976710655.000000	14.153926	1978	2941988096.000000
281474976710655.000000	14.689747	1979	2943025152.000000
281474976710655.000000	14.613410	1980	2944076032.000000
281474976710655.000000	14.829422	1981	2945112320.000000
281474976710655.000000	14.138836	1982	2946162944.000000
281474976710655.000000	14.395656	1983	2947198976.000000
281474976710655.000000	14.314759	1984	2948250624.000000
281474976710655.000000	14.382927	1985	2949286144.000000
281474976710655.000000	14.519540	1986	2950338304.000000
281474976710655.000000	14.312283	1987	2951373056.000000
281474976710655.000000	14.376463	1988	2952426240.000000
281474976710655.000000	15.084956	1989	2953459968.000000
281474976710655.000000	14.210438	1990	2954513920.000000
281474976710655.000000	14.344165	1991	2955547136.000000
281474976710655.000000	15.144206	1992	2956601344.000000
281474976710655.000000	14.546393	1993	2957633792.000000
281474976710655.000000	14.628881	1994	2958689280.000000
281474976710655.000000	14.409022	1995	2959720704.000000
281474976710655.000000	14.686385	1996	2960776448.000000
281474976710655.000000	14.425678	1997	2961807616.000000
281474976710655.000000	14.446377	1998	2962864384.000000
281474976710655.000000	14.612407	1999	2963894272.000000
281474976710655.000000	14.549165	2000	2964951552.000000
281474976710655.000000	14.390961	2001	2965981440.000000
281474976710655.000000	14.429588	2002	2967039232.000000
281474976710655.000000	14.523524	2003	2968068352.000000
281474976710655.000000	14.466154	2004	2969127168.000000
281474976710655.000000	14.671049	2005	2970155520.000000
281474976710655.000000	14.270852	2006	2971214592.000000
281474976710655.000000	14.654902	2007	2972242688.000000
281474976710655.000000	14.691987	2008	2973302016.000000
281474976710655.000000	14.608478	2009	2974329856.000000
281474976710655.000000	14.655923	2010	2975389696.000000
281474976710655.000000	14.527020	2011	2976416768.000000
281474976710655.000000	14.275379	2012	2977476608.000000
281474976710655.000000	14.468540	2013	2978503936.000000
281474976710655.000000	13.947747	2014	2979564032.000000
281474976710655.000000	14.230932	2015	2980591104.000000
281474976710655.000000	14.419817	2016	2981651712.000000
281474976710655.000000	14.371196	2017	2982678272.000000
281474976710655.000000	14.791563	2018	2983739392.000000
281474976710655.000000	14.621100	2019	2984766208.000000
281474976710655.000000	14.530669	2020	2985826304.000000
281474976710655.000000	14.302908	2021	2986852864.000000
281474976710655.000000	14.804386	2022	2987913472.000000
281474976710655.000000	14.056541	2023	2988940288.000000
281474976710655.000000	14.418078	2024	2990001408.000000
281474976710655.000000	14.933867	2025	2991027456.000000
281474976710655.000000	14.479061	2026	2992088320.000000
281474976710655.000000	14.581142	2027	2993114880.000000
281474976710655.000000	15.024165	2028	2994175488.000000
281474976710655.000000	14.420836	2029	2995202048.000000
281474976710655.000000	14.766507	2030	2996263424.000000
281474976710655.000000	14.134438	2031	2997289472.000000
281474976710655.000000	14.445745	2032	2998350080.000000
281474976710655.000000	14.197225	2033	2999376896.000000
281474976710655.000000	14.760063	2034	3000437248.000000
281474976710655.000000	14.587564	2035	3001464576.000000
281474976710655.000000	14.622027	2036	3002524672.000000
281474976710655.000000	14.396826	2037	3003551744.000000
281474976710655.000000	14.410679	2038	3004611840.000000
281474976710655.000000	14.521586	2039	3005638912.000000
281474976710655.000000	14.858463	2040	3006699008.000000
281474976710655.000000	14.567358	2041	3007726336.000000
281474976710655.000000	14.266590	2042	3008785920.000000
281474976710655.000000	14.859762	2043	3009814016.000000
281474976710655.000000	14.724203	2044	3010873088.000000
281474976710655.000000	14.372028	2045	3011901696.000000
281474976710655.000000	14.597128	2046	3012960256.000000
281474976710655.000000	14.123151	2047	3013988352.000000
281474976710655.000000	14.419631	2048	3015047424.000000
281474976710655.000000	14.736317	2049	3016076288.000000
281474976710655.000000	14.702179	2050	3017134336.000000
281474976710655.000000	14.492392	2051	3018163712.000000
281474976710655.000000	14.576340	2052	3019221248.000000
281474976710655.000000	14.244336	2053	3020250880.000000
281474976710655.000000	14.733151	2054	3021308416.000000
281474976710655.000000	14.233445	2055	3022338304.000000
281474976710655.000000	14.605335	2056	3023395328.000000
281474976710655.000000	14.459089	2057	3024425984.000000
281474976710655.000000	14.519679	2058	3025482496.000000
281474976710655.000000	14.340322	2059	3026513664.000000
281474976710655.000000	14.277022	2060	3027569408.000000
281474976710655.000000	14.740544	2061	3028601088.000000
281474976710655.000000	14.784558	2062	3029656576.000000
281474976710655.000000	14.202446	2063	3030688512.000000
281474976710655.000000	14.505632	2064	3031743744.000000
281474976710655.000000	14.392620	2065	3032775680.000000
281474976710655.000000	14.354427	2066	3033830656.000000
281474976710655.000000	14.519732	2067	3034863360.000000
281474976710655.000000	14.579862	2068	3035917824.000000
281474976710655.000000	14.702140	2069	3036951040.000000
281474976710655.000000	14.441606	2070	3038004992.000000
281474976710655.000000	14.194055	2071	3039038208.000000
281474976710655.000000	14.222755	2072	3040091904.000000
281474976710655.000000	14.648568	2073	3041125376.000000
281474976710655.000000	14.333777	2074	3042179584.000000
281474976710655.000000	14.296682	2075	3043213056.000000
281474976710655.000000	14.123002	2076	3044266496.000000
281474976710655.000000	14.336658	2077	3045299968.000000
281474976710655.000000	14.375729	2078	3046353664.000000
281474976710655.000000	14.718568	2079	3047387392.000000
281474976710655.000000	14.589778	2080	3048440832.000000
281474976710655.000000	14.437739	2081	3049475072.000000
281474976710655.000000	14.268055	2082	3050528000.000000
281474976710655.000000	14.318424	2083	3051561728.000000
281474976710655.000000	14.314457	2084	3052615168.000000
281474976710655.000000	14.216773	2085	3053649152.000000
281474976710655.000000	14.588284	2086	3054702848.000000
281474976710655.000000	14.523737	2087	3055736320.000000
281474976710655.000000	14.414931	2088	3056790016.000000
281474976710655.000000	14.447667	2089	3057823232.000000
281474976710655.000000	14.622519	2090	3058877184.000000
281474976710655.000000	14.527549	2091	3059910656.000000
281474976710655.000000	14.827188	2092	3060964608.000000
281474976710655.000000	14.162232	2093	3061997568.000000
281474976710655.000000	14.767999	2094	3063051776.000000
281474976710655.000000	14.540469	2095	3064084480.000000
281474976710655.000000	14.505444	2096	3065139200.000000
281474976710655.000000	14.185163	2097	3066171648.000000
281474976710655.000000	14.318428	2098	3067227136.000000
281474976710655.000000	14.151499	2099	3068258816.000000
281474976710655.000000	14.510402	2100	3069314304.000000
281474976710655.000000	14.639105	2101	3070345728.000000
281474976710655.000000	14.367250	2102	3071401472.000000
281474976710655.000000	14.367451	2103	3072432896.000000
281474976710655.000000	14.559670	2104	3073489408.000000
281474976710655.000000	14.746213	2105	3074519552.000000
281474976710655.000000	14.526424	2106	3075577088.000000
281474976710655.000000	14.629193	2107	3076606464.000000
281474976710655.000000	14.683171	2108	3077664000.000000
281474976710655.000000	14.748547	2109	3078693888.000000
281474976710655.000000	14.440391	2110	3079751424.000000
281474976710655.000000	14.596462	2111	3080780800.000000
281474976710655.000000	14.620773	2112	3081839104.000000
281474976710655.000000	14.435340	2113	3082867712.000000
281474976710655.000000	14.487885	2114	3083926784.000000
281474976710655.000000	14.625844	2115	3084954880.000000
281474976710655.000000	14.678511	2116	3086013696.000000
281474976710655.000000	14.180461	2117	3087041792.000000
281474976710655.000000	14.835199	2118	3088100864.000000
281474976710655.000000	14.467843	2119	3089128704.000000
281474976710655.000000	14.753390	2120	3090188288.000000
281474976710655.000000	14.626956	2121	3091216128.000000
281474976710655.000000	14.509761	2122	3092275968.000000
281474976710655.000000	14.177690	2123	3093303040.000000
281474976710655.000000	14.652025	2124	3094362880.000000
281474976710655.000000	14.294152	2125	3095390208.000000
281474976710655.000000	14.447094	2126	3096450560.000000
281474976710655.000000	14.225616	2127	3097477632.000000
281474976710655.000000	14.819951	2128	3098537472.000000
281474976710655.000000	14.290598	2129	3099564544.000000
281474976710655.000000	15.187459	2130	3100624896.000000
281474976710655.000000	14.305380	2131	3101652224.000000
281474976710655.000000	14.609373	2132	3102712576.000000
281474976710655.000000	14.279173	2133	3103739136.000000
281474976710655.000000	14.591597	2134	3104799232.000000
281474976710655.000000	14.266858	2135	3105826048.000000
281474976710655.000000	14.636412	2136	3106887168.000000
281474976710655.000000	14.886938	2137	3107913984.000000
281474976710655.000000	14.510641	2138	3108973824.000000
281474976710655.000000	14.597662	2139	3110000896.000000
281474976710655.000000	14.314800	2140	3111061248.000000
281474976710655.000000	14.239595	2141	3112088064.000000
281474976710655.000000	14.740627	2142	3113148416.000000
281474976710655.000000	14.382818	2143	3114175488.000000
281474976710655.000000	14.969386	2144	3115235840.000000
281474976710655.000000	14.341797	2145	3116262912.000000
281474976710655.000000	14.938300	2146	3117322752.000000
281474976710655.000000	14.116556	2147	3118350080.000000
281474976710655.000000	14.775566	2148	3119410176.000000
281474976710655.000000	14.258634	2149	3120437504.000000
281474976710655.000000	14.511100	2150	3121497088.000000
281474976710655.000000	14.685232	2151	3122524928.000000
281474976710655.000000	14.729768	2152	3123584512.000000
281474976710655.000000	14.843793	2153	3124612352.000000
281474976710655.000000	14.470359	2154	3125671680.000000
281474976710655.000000	14.137206	2155	3126699520.000000
281474976710655.000000	14.817336	2156	3127758592.000000
281474976710655.000000	14.418761	2157	3128786944.000000
281474976710655.000000	14.283410	2158	3129846272.000000
281474976710655.000000	14.320589	2159	3130874368.000000
281474976710655.000000	14.881260	2160	3131932928.000000
281474976710655.000000	14.145965	2161	3132961792.000000
281474976710655.000000	14.721602	2162	3134019840.000000
281474976710655.000000	14.421155	2163	3135048960.000000
281474976710655.000000	14.503658	2164	3136107008.000000
281474976710655.000000	14.521188	2165	3137136640.000000
281474976710655.000000	14.421112	2166	3138194176.000000
281474976710655.000000	14.398723	2167	3139223808.000000
281474976710655.000000	14.358127	2168	3140281088.000000
281474976710655.000000	14.743756	2169	3141311744.000000
281474976710655.000000	14.394707	2170	3142368000.000000
281474976710655.000000	14.540760	2171	3143399168.000000
281474976710655.000000	14.312727	2172	3144454912.000000
281474976710655.000000	14.452719	2173	3145486080.000000
281474976710655.000000	14.294415	2174	3146542080.000000
281474976710655.000000	14.217961	2175	3147574016.000000
281474976710655.000000	14.111348	2176	3148629248.000000
281474976710655.000000	14.222987	2177	3149660928.000000
281474976710655.000000	14.450463	2178	3150715648.000000
281474976710655.000000	14.839490	2179	3151748096.000000
281474976710655.000000	14.577643	2180	3152803584.000000
281474976710655.000000	14.238512	2181	3153836032.000000
281474976710655.000000	14.832697	2182	3154890240.000000
281474976710655.000000	14.524886	2183	3155922944.000000
281474976710655.000000	14.167301	2184	3156977152.000000
281474976710655.000000	14.063918	2185	3158010368.000000
281474976710655.000000	14.712042	2186	3159064064.000000
281474976710655.000000	14.553513	2187	3160097280.000000
281474976710655.000000	14.930911	2188	3161152000.000000
281474976710655.000000	14.849499	2189	3162184960.000000
281474976710655.000000	14.720742	2190	3163238656.000000
281474976710655.000000	14.463463	2191	3164272128.000000
281474976710655.000000	14.656274	2192	3165326080.000000
281474976710655.000000	14.400275	2193	3166359552.000000
281474976710655.000000	14.576363	2194	3167412992.000000
281474976710655.000000	14.306272	2195	3168446464.000000
281474976710655.000000	14.788180	2196	3169500160.000000
281474976710655.000000	14.582761	2197	3170533632.000000
281474976710655.000000	14.863671	2198	3171587072.000000
281474976710655.000000	14.790199	2199	3172620800.000000
281474976710655.000000	14.212979	2200	3173675008.000000
281474976710655.000000	14.752219	2201	3174707968.000000
281474976710655.000000	14.224298	2202	3175761920.000000
281474976710655.000000	14.398714	2203	3176795136.000000
281474976710655.000000	15.142301	2204	3177849344.000000
281474976710655.000000	14.411927	2205	3178882304.000000
281474976710655.000000	14.707591	2206	3179937024.000000
281474976710655.000000	14.861130	2207	3180969728.000000
281474976710655.000000	14.816035	2208	3182024704.000000
281474976710655.000000	14.408096	2209	3183056640.000000
281474976710655.000000	14.289563	2210	3184111872.000000
281474976710655.000000	14.267447	2211	3185144064.000000
281474976710655.000000	14.378171	2212	3186199808.000000
281474976710655.000000	14.332665	2213	3187231232.000000
281474976710655.000000	14.403260	2214	3188286720.000000
281474976710655.000000	14.656434	2215	3189318144.000000
281474976710655.000000	14.158904	2216	3190374656.000000
281474976710655.000000	14.577908	2217	3191405056.000000
281474976710655.000000	14.778671	2218	3192462080.000000
281474976710655.000000	14.786550	2219	3193492224.000000
281474976710655.000000	14.913921	2220	3194549760.000000
281474976710655.000000	14.174204	2221	3195579392.000000
281474976710655.000000	14.519820	2222	3196636672.000000
281474976710655.000000	14.694292	2223	3197666304.000000
281474976710655.000000	14.723163	2224	3198724864.000000
281474976710655.000000	14.552037	2225	3199753472.000000
281474976710655.000000	14.804825	2226	3200811776.000000
281474976710655.000000	14.124665	2227	3201840640.000000
281474976710655.000000	14.574685	2228	3202898944.000000
281474976710655.000000	14.312904	2229	3203927296.000000
281474976710655.000000	14.914355	2230	3204986368.000000
281474976710655.000000	14.170514	2231	3206014464.000000
281474976710655.000000	14.605434	2232	3207073536.000000
281474976710655.000000	14.258785	2233	3208101632.000000
281474976710655.000000	14.471598	2234	3209160960.000000
281474976710655.000000	14.295130	2235	3210188800.000000
281474976710655.000000	14.691341	2236	3211248128.000000
281474976710655.000000	14.459106	2237	3212275456.000000
281474976710655.000000	14.585694	2238	3213335296.000000
281474976710655.000000	14.260090	2239	3214362624.000000
281474976710655.000000	14.240446	2240	3215422720.000000
281474976710655.000000	14.212275	2241	3216450560.000000
281474976710655.000000	14.535356	2242	3217509632.000000
281474976710655.000000	14.522650	2243	3218537216.000000
281474976710655.000000	14.721429	2244	3219597056.000000
281474976710655.000000	14.405415	2245	3220624640.000000
281474976710655.000000	14.702876	2246	3221684480.000000
281474976710655.000000	14.327010	2247	3222711808.000000
281474976710655.000000	14.597224	2248	3223771904.000000
281474976710655.000000	14.343845	2249	3224799488.000000
281474976710655.000000	14.885248	2250	3225859072.000000
281474976710655.000000	14.322456	2251	3226886400.000000
281474976710655.000000	14.682588	2252	3227946240.000000
281474976710655.000000	14.587691	2253	3228973824.000000
281474976710655.000000	14.700990	2254	3230033664.000000
281474976710655.000000	14.373425	2255	3231061504.000000
281474976710655.000000	14.675644	2256	3232120832.000000
281474976710655.000000	14.270066	2257	3233148416.000000
281474976710655.000000	14.598705	2258	3234207744.000000
281474976710655.000000	14.686099	2259	3235236096.000000
281474976710655.000000	14.533778	2260	3236295168.000000
281474976710655.000000	14.425351	2261	3237323264.000000
281474976710655.000000	14.194778	2262	3238382080.000000
281474976710655.000000	14.203156	2263	3239410688.000000
281474976710655.000000	14.374724	2264	3240469504.000000
281474976710655.000000	14.281519	2265	3241498368.000000
281474976710655.000000	14.470208	2266	3242556416.000000
281474976710655.000000	14.381119	2267	3243585536.000000
281474976710655.000000	14.192122	2268	3244643584.000000
281474976710655.000000	14.537330	2269	3245673472.000000
281474976710655.000000	14.593555	2270	3246731008.000000
281474976710655.000000	14.348387	2271	3247760896.000000
281474976710655.000000	14.129876	2272	3248817920.000000
281474976710655.000000	14.476495	2273	3249848576.000000
281474976710655.000000	14.388310	2274	3250905344.000000
281474976710655.000000	14.374205	2275	3251936000.000000
281474976710655.000000	14.507430	2276	3252992256.000000
281474976710655.000000	14.246209	2277	3254023680.000000
281474976710655.000000	14.443779	2278	3255079168.000000
281474976710655.000000	14.389958	2279	3256110848.000000
281474976710655.000000	14.461960	2280	3257166336.000000
281474976710655.000000	14.098575	2281	3258198528.000000
281474976710655.000000	15.074358	2282	3259253504.000000
281474976710655.000000	14.978148	2283	3260286464.000000
281474976710655.000000	14.834734	2284	3261340928.000000
281474976710655.000000	14.821103	2285	3262373376.000000
281474976710655.000000	14.967844	2286	3263427840.000000
281474976710655.000000	14.581914	2287	3264460544.000000
281474976710655.000000	14.466029	2288	3265514752.000000
281474976710655.000000	14.673800	2289	3266548736.000000
281474976710655.000000	14.166863	2290	3267601920.000000
281474976710655.000000	14.796903	2291	3268635904.000000
281474976710655.000000	14.942548	2292	3269689088.000000
281474976710655.000000	14.689624	2293	3270722816.000000
281474976710655.000000	14.404015	2294	3271775488.000000
281474976710655.000000	14.471936	2295	3272809984.000000
281474976710655.000000	14.588888	2296	3273862656.000000
281474976710655.000000	14.487947	2297	3274897152.000000
281474976710655.000000	14.393510	2298	3275950080.000000
281474976710655.000000	14.543821	2299	3276984576.000000
281474976710655.000000	14.487546	2300	3278037248.000000
281474976710655.000000	14.424696	2301	3279071744.000000
281474976710655.000000	14.699936	2302	3280124416.000000
281474976710655.000000	14.404715	2303	3281159168.000000
281474976710655.000000	14.326960	2304	3282211584.000000
281474976710655.000000	14.417036	2305	3283246336.000000
281474976710655.000000	14.423834	2306	3284299008.000000
281474976710655.000000	14.589317	2307	3285333504.000000
281474976710655.000000	14.480946	2308	3286386944.000000
281474976710655.000000	14.364940	2309	3287420672.000000
281474976710655.000000	14.568346	2310	3288474112.000000
281474976710655.000000	14.633759	2311	3289508096.000000
281474976710655.000000	15.201826	2312	3290561536.000000
281474976710655.000000	14.617083	2313	3291594752.000000
281474976710655.000000	14.705054	2314	3292649472.000000
281474976710655.000000	14.506237	2315	3293681920.000000
281474976710655.000000	14.693007	2316	3294736384.000000
281474976710655.000000	14.503865	2317	3295768832.000000
281474976710655.000000	14.822306	2318	3296824320.000000
281474976710655.000000	14.516668	2319	3297855744.000000
281474976710655.000000	14.244886	2320	3298912000.000000
281474976710655.000000	14.506581	2321	3299943168.000000
281474976710655.000000	14.786934	2322	3300999424.000000
281474976710655.000000	14.416123	2323	3302030080.000000
281474976710655.000000	14.583534	2324	3303087104.000000
281474976710655.000000	14.706066	2325	3304117248.000000
281474976710655.000000	14.632806	2326	3305174784.000000
281474976710655.000000	14.860622	2327	3306204160.000000
281474976710655.000000	14.560034	2328	3307261952.000000
281474976710655.000000	14.529878	2329	3308291072.000000
281474976710655.000000	14.406396	2330	3309349632.000000
281474976710655.000000	14.322836	2331	3310377984.000000
281474976710655.000000	14.306173	2332	3311437312.000000
281474976710655.000000	14.680454	2333	3312465408.000000
281474976710655.000000	14.362761	2334	3313524992.000000
281474976710655.000000	14.326289	2335	3314552320.000000
281474976710655.000000	14.789844	2336	3315612160.000000
281474976710655.000000	14.578359	2337	3316639744.000000
281474976710655.000000	14.126879	2338	3317699584.000000
281474976710655.000000	14.754283	2339	3318726912.000000
281474976710655.000000	14.503673	2340	3319786752.000000
281474976710655.000000	14.161303	2341	3320813568.000000
281474976710655.000000	14.657610	2342	3321874688.000000
281474976710655.000000	14.672180	2343	3322901504.000000
281474976710655.000000	14.672123	2344	3323961600.000000
281474976710655.000000	14.238721	2345	3324988160.000000
281474976710655.000000	14.665479	2346	3326048768.000000
281474976710655.000000	14.544149	2347	3327075328.000000
281474976710655.000000	14.733745	2348	3328136192.000000
281474976710655.000000	14.923551	2349	3329163008.000000
281474976710655.000000	14.102296	2350	3330223616.000000
281474976710655.000000	14.229983	2351	3331249920.000000
281474976710655.000000	14.532031	2352	3332311040.000000
281474976710655.000000	14.180756	2353	3333336832.000000
281474976710655.000000	14.177651	2354	3334397952.000000
281474976710655.000000	14.505369	2355	3335424256.000000
281474976710655.000000	14.577400	2356	3336485376.000000
281474976710655.000000	14.708475	2357	3337511680.000000
281474976710655.000000	14.434187	2358	3338572800.000000
281474976710655.000000	14.157261	2359	3339598848.000000
281474976710655.000000	14.520491	2360	3340659968.000000
281474976710655.000000	14.249852	2361	3341686272.000000
281474976710655.000000	14.725183	2362	3342747136.000000
281474976710655.000000	14.252607	2363	3343773952.000000
281474976710655.000000	14.686180	2364	3344834560.000000
281474976710655.000000	14.536085	2365	3345861120.000000
281474976710655.000000	14.272429	2366	3346921728.000000
281474976710655.000000	14.373819	2367	3347948288.000000
281474976710655.000000	14.485951	2368	3349008640.000000
281474976710655.000000	14.501426	2369	3350035712.000000
281474976710655.000000	14.757642	2370	3351096064.000000
281474976710655.000000	14.556515	2371	3352123648.000000
281474976710655.000000	14.515576	2372	3353182976.000000
281474976710655.000000	14.663929	2373	3354211072.000000
281474976710655.000000	14.961311	2374	3355270144.000000
281474976710655.000000	14.742332	2375	3356298496.000000
281474976710655.000000	14.681361	2376	3357357312.000000
281474976710655.000000	14.582973	2377	3358385920.000000
281474976710655.000000	14.207897	2378	3359444224.000000
281474976710655.000000	14.412573	2379	3360473600.000000
281474976710655.000000	14.460523	2380	3361531136.000000
281474976710655.000000	14.375340	2381	3362560768.000000
281474976710655.000000	14.889338	2382	3363618048.000000
281474976710655.000000	14.285034	2383	3364648192.000000
281474976710655.000000	14.728007	2384	3365705216.000000
281474976710655.000000	14.618713	2385	3366736128.000000
281474976710655.000000	15.088768	2386	3367792128.000000
281474976710655.000000	14.716372	2387	3368823552.000000
281474976710655.000000	14.813260	2388	3369879552.000000
281474976710655.000000	15.316977	2389	3370911232.000000
281474976710655.000000	14.323688	2390	3371966208.000000
281474976710655.000000	14.576452	2391	3372998144.000000
281474976710655.000000	14.619901	2392	3374053376.000000
281474976710655.000000	14.264176	2393	3375086080.000000
281474976710655.000000	14.445691	2394	3376140544.000000
281474976710655.000000	14.447096	2395	3377173504.000000
281474976710655.000000	14.288150	2396	3378227456.000000
281474976710655.000000	14.572454	2397	3379260672.000000
281474976710655.000000	15.089639	2398	3380314880.000000
281474976710655.000000	14.267375	2399	3381348352.000000
281474976710655.000000	14.402080	2400	3382402048.000000
281474976710655.000000	14.720428	2401	3383435264.000000
281474976710655.000000	14.303934	2402	3384489216.000000
281474976710655.000000	14.186423	2403	3385522688.000000
281474976710655.000000	14.793968	2404	3386576640.000000
281474976710655.000000	14.676566	2405	3387610368.000000
281474976710655.000000	14.965734	2406	3388663808.000000
281474976710655.000000	14.611580	2407	3389697280.000000
281474976710655.000000	14.662040	2408	3390751488.000000
281474976710655.000000	14.797997	2409	3391784448.000000
281474976710655.000000	14.626976	2410	3392838400.000000
281474976710655.000000	14.441822	2411	3393871616.000000
281474976710655.000000	14.494896	2412	3394925824.000000
281474976710655.000000	13.953050	2413	3395958528.000000
281474976710655.000000	14.745743	2414	3397013504.000000
281474976710655.000000	14.366470	2415	3398045952.000000
281474976710655.000000	14.560176	2416	3399100416.000000
281474976710655.000000	14.286791	2417	3400132864.000000
281474976710655.000000	14.543637	2418	3401187584.000000
281474976710655.000000	14.265245	2419	3402219776.000000
281474976710655.000000	14.560812	2420	3403275264.000000
281474976710655.000000	14.456740	2421	3404306688.000000
281474976710655.000000	14.358549	2422	3405362688.000000
281474976710655.000000	14.259150	2423	3406393600.000000
281474976710655.000000	14.694461	2424	3407450368.000000
281474976710655.000000	14.354118	2425	3408481024.000000
281474976710655.000000	14.810007	2426	3409537280.000000
281474976710655.000000	14.117530	2427	3410567680.000000
281474976710655.000000	14.668783	2428	3411624704.000000
281474976710655.000000	14.305373	2429	3412655104.000000
281474976710655.000000	14.409259	2430	3413712640.000000
281474976710655.000000	14.551890	2431	3414742016.000000
281474976710655.000000	14.448630	2432	3415800064.000000
281474976710655.000000	14.324944	2433	3416828928.000000
281474976710655.000000	15.114154	2434	3417887232.000000
281474976710655.000000	14.326797	2435	3418916352.000000
281474976710655.000000	14.826246	2436	3419974912.000000
281474976710655.000000	14.951339	2437	3421003520.000000
281474976710655.000000	14.926203	2438	3422062336.000000
281474976710655.000000	15.008994	2439	3423090432.000000
281474976710655.000000	14.920674	2440	3424149504.000000
281474976710655.000000	14.795562	2441	3425177856.000000
281474976710655.000000	14.462432	2442	3426236928.000000
281474976710655.000000	14.242225	2443	3427265024.000000
281474976710655.000000	14.635139	2444	3428324608.000000
281474976710655.000000	14.610262	2445	3429352192.000000
281474976710655.000000	14.678576	2446	3430411776.000000
281474976710655.000000	14.384327	2447	3431439360.000000
281474976710655.000000	14.871707	2448	3432499968.000000
281474976710655.000000	15.018011	2449	3433526528.000000
281474976710655.000000	14.462519	2450	3434586624.000000
281474976710655.000000	14.541471	2451	3435613952.000000
281474976710655.000000	14.292051	2452	3436673792.000000
281474976710655.000000	14.708895	2453	3437701120.000000
