time (s)	energy (uJ)	charge (mC)	voltage (mV)	crossing#mod 255
2303.300774	29.188883	0.015849	1.841656	86
2304.361073	26.420889	0.015902	1.661450	87
2305.384658	29.177130	0.015895	1.835666	88
2306.448275	29.478674	0.015890	1.855117	89
2307.472461	30.146656	0.015907	1.895237	90
2308.534157	26.511387	0.015884	1.669071	91
2309.560406	32.373070	0.015896	2.036504	92
2310.618663	32.076244	0.015872	2.020875	93
2311.644857	33.855492	0.015884	2.131456	94
2312.705868	34.835213	0.015908	2.189852	95
2313.733685	36.756069	0.015849	2.319188	96
2314.790225	38.158379	0.015891	2.401272	97
2315.822375	35.552494	0.015895	2.236705	98
2316.876342	28.093235	0.015876	1.769579	99
2317.906196	39.200535	0.015900	2.465482	100
2318.966057	41.048298	0.015853	2.589378	101
2319.996121	38.693592	0.015880	2.436639	102
2321.053702	40.752022	0.015939	2.556814	103
2322.078233	42.158611	0.015861	2.657923	104
2323.139299	43.054089	0.015869	2.713095	105
2324.164299	44.001408	0.015858	2.774780	106
2325.228547	44.366314	0.015856	2.798121	107
2326.252402	44.504745	0.015823	2.812589	108
2327.312987	45.123631	0.015874	2.842614	109
2328.339669	46.044758	0.015873	2.900836	110
2329.396437	46.774906	0.015840	2.952959	111
2330.429669	47.409519	0.015873	2.986836	112
2331.479898	47.828987	0.015844	3.018667	113
2332.521050	48.784309	0.015875	3.073066	114
2333.564331	48.728584	0.015851	3.074180	115
2334.610786	51.397999	0.015811	3.250730	116
2335.646043	51.059086	0.015836	3.224233	117
2336.699428	52.677521	0.015835	3.326622	118
2337.730752	52.729797	0.015841	3.328634	119
2338.787321	55.324566	0.015851	3.490309	120
2339.819252	51.638092	0.015832	3.261649	121
2340.867206	62.458721	0.015818	3.948672	122
2341.904956	55.247864	0.015839	3.488178	123
2342.958897	56.273071	0.015845	3.551491	124
2343.994735	57.907528	0.015832	3.657662	125
2345.041921	58.260399	0.015767	3.695086	126
2346.086378	55.487129	0.015826	3.505985	127
2347.137746	44.964657	0.015810	2.843992	128
2348.175441	90.031502	0.015828	5.687974	129
2349.209763	61.183170	0.015837	3.863204	130
2350.264716	58.302605	0.015826	3.683887	131
2351.294314	61.618237	0.015830	3.892591	132
2352.353836	60.774242	0.015818	3.842185	133
2353.379526	63.990749	0.015793	4.051757	134
2354.441272	60.241646	0.015829	3.805805	135
2355.465689	66.163116	0.015739	4.203854	136
2356.527658	63.522041	0.015782	4.025092	137
2357.552945	65.751312	0.015769	4.169736	138
2358.614958	64.670288	0.015783	4.097335	139
2359.639600	67.429054	0.015773	4.274932	140
2360.701706	63.025517	0.015782	3.993501	141
2361.718234	79.693954	0.015734	5.065087	142
2362.787449	64.592941	0.015737	4.104652	143
2363.816237	67.401962	0.015764	4.275742	144
2364.873648	63.809856	0.015738	4.054550	145
2365.904731	68.969673	0.015730	4.384682	146
2366.956397	66.275719	0.015736	4.211829	147
2367.994751	69.419296	0.015747	4.408510	148
2369.039613	68.197495	0.015760	4.327353	149
2370.079004	77.505814	0.015719	4.930790	150
2371.123745	68.868454	0.015735	4.376827	151
2372.175182	66.580025	0.015762	4.224007	152
2373.207167	70.913857	0.015754	4.501264	153
2374.264914	69.962013	0.015750	4.442135	154
2375.293284	70.944695	0.015733	4.509391	155
2376.354447	67.807724	0.015775	4.298427	156
2377.381213	70.877968	0.015753	4.499406	157
2378.439819	70.014717	0.015729	4.451351	158
2379.468587	72.762108	0.015783	4.610216	159
2380.524805	69.181290	0.015759	4.389980	160
2381.558671	72.870140	0.015759	4.624092	161
2382.608491	71.134430	0.015746	4.517507	162
2383.650271	70.944489	0.015746	4.505657	163
2384.691166	72.622200	0.015782	4.601571	164
2385.740045	74.571289	0.015779	4.725846	165
2386.774320	70.747986	0.015732	4.497141	166
2387.829336	73.499611	0.015742	4.668920	167
2388.860638	73.213600	0.015747	4.649226	168
2389.920111	72.375389	0.015765	4.591026	169
2390.943987	75.663727	0.015756	4.802207	170
2392.007197	73.728432	0.015783	4.671508	171
2393.029091	76.810555	0.015745	4.878376	172
2394.095487	73.213554	0.015755	4.647005	173
2395.117973	74.542313	0.015759	4.730040	174
2396.183576	73.688591	0.015749	4.678917	175
2397.204257	76.569733	0.015787	4.850177	176
2398.269848	74.041145	0.015757	4.699029	177
2399.291060	78.128517	0.015744	4.962334	178
2400.358624	72.855148	0.015740	4.628571	179
2401.376590	83.034424	0.015727	5.279748	180
2402.444647	74.991043	0.015748	4.762020	181
2403.465539	77.529953	0.015746	4.923931	182
2404.534077	71.402382	0.015774	4.526620	183
2405.550993	79.331856	0.015750	5.036785	184
2406.618464	75.242607	0.015743	4.779363	185
2407.639766	77.991333	0.015715	4.962775	186
2408.705178	76.402786	0.015759	4.848325	187
2409.726807	78.918472	0.015733	5.016071	188
2410.791143	75.531120	0.015748	4.796345	189
2411.816215	79.744263	0.015763	5.059058	190
2412.876610	76.560646	0.015767	4.855865	191
2413.906000	77.061462	0.015742	4.895229	192
2414.960394	76.859161	0.015758	4.877417	193
2415.996143	77.056969	0.015738	4.896101	194
2417.045366	76.263824	0.015757	4.839991	195
2418.089200	73.798157	0.015759	4.682918	196
2419.127405	79.822334	0.015718	5.078286	197
2420.177921	79.533722	0.015742	5.052336	198
2421.211435	79.590324	0.015719	5.063232	199
2422.266765	77.021942	0.015707	4.903725	200
2423.297083	78.906181	0.015739	5.013414	201
2424.357514	74.676003	0.015737	4.745254	202
2425.382659	79.804741	0.015752	5.066432	203
2426.444280	77.313919	0.015723	4.917339	204
2427.469699	80.885452	0.015743	5.137814	205
2428.529937	77.478806	0.015745	4.920743	206
2429.559403	79.620605	0.015708	5.068802	207
2430.614178	79.450378	0.015723	5.052999	208
2431.646775	80.417976	0.015714	5.117661	209
2432.700840	78.190620	0.015730	4.970749	210
2433.737936	146.341690	0.015711	9.314582	211
2434.785348	80.044846	0.015737	5.086408	212
2435.827097	78.969460	0.015711	5.026302	213
2436.869340	80.191628	0.015749	5.091867	214
2437.915485	78.965637	0.015729	5.020449	215
2438.956356	79.652817	0.015749	5.057698	216
2440.005320	77.275589	0.015717	4.916764	217
2441.040064	79.950500	0.015731	5.082426	218
2442.092991	78.343506	0.015755	4.972518	219
2443.115264	97.434669	0.015691	6.209785	220
2444.183237	76.263290	0.015702	4.856902	221
2445.214365	82.532547	0.015690	5.260180	222
2446.267861	78.192108	0.015716	4.975346	223
2447.302983	79.311028	0.015726	5.043371	224
2448.355115	78.077690	0.015701	4.972675	225
2449.389869	80.836258	0.015690	5.152186	226
2450.440907	75.823982	0.015707	4.827314	227
2451.480079	79.511276	0.015703	5.063458	228
2452.525587	78.944618	0.015672	5.037211	229
2453.568488	79.201683	0.015663	5.056639	230
2454.611782	78.238670	0.015654	4.997904	231
2455.657307	80.106697	0.015745	5.087801	232
2456.696725	79.732903	0.015682	5.084505	233
2457.747144	80.988922	0.015704	5.157212	234
2458.781278	77.626907	0.015710	4.941090	235
2459.837194	78.798714	0.015667	5.029449	236
2460.866447	80.747581	0.015655	5.158072	237
2461.924902	79.133171	0.015622	5.065429	238
2462.931303	111.235916	0.015640	7.112343	239
2464.012281	79.502953	0.015627	5.087607	240
2465.038739	81.138214	0.015718	5.162043	241
2466.100617	78.967995	0.015752	5.013198	242
2467.126777	83.609077	0.015704	5.323989	243
2468.186304	79.648880	0.015704	5.072044	244
2469.215492	82.728592	0.015696	5.270623	245
2470.271306	78.936096	0.015680	5.034206	246
2471.305176	81.451309	0.015607	5.218874	247
2472.356670	78.401039	0.015643	5.011920	248
2473.396223	80.559135	0.015620	5.157579	249
2474.441070	112.086876	0.015634	7.169317	250
2475.486574	79.125275	0.015557	5.086317	251
2476.525456	80.351990	0.015585	5.155758	252
2477.576594	78.524025	0.015618	5.027794	253
2478.609508	80.723755	0.015622	5.167148	254
2479.665228	79.248611	0.015593	5.082351	255
2480.696490	79.738121	0.015593	5.113549	0
2481.754327	78.952934	0.015565	5.072513	1
2482.780629	73.789215	0.015547	4.746181	2
2483.842467	78.804222	0.015533	5.073462	3
2484.866782	83.401428	0.015523	5.372927	4
2485.930591	78.636032	0.015552	5.056287	5
2486.954477	81.862518	0.015617	5.242042	6
2488.018232	78.786674	0.015551	5.066216	7
2489.040218	82.504272	0.015561	5.301881	8
2490.106160	78.967262	0.015630	5.052175	9
2491.127911	83.211586	0.015639	5.320627	10
2492.192224	80.482742	0.015635	5.147738	11
2493.215502	82.373322	0.015635	5.268370	12
2494.279540	80.367546	0.015641	5.138179	13
2495.305054	83.046104	0.015617	5.317799	14
2496.368435	76.744263	0.015581	4.925457	15
2497.391072	81.875305	0.015587	5.252662	16
2498.453550	81.602745	0.015726	5.188885	17
2499.479572	82.851608	0.015624	5.302928	18
2500.539631	79.819824	0.015601	5.116241	19
2501.568310	80.368698	0.015569	5.162237	20
2502.625594	79.248856	0.015510	5.109667	21
2503.658117	79.647316	0.015541	5.124966	22
2504.708413	82.230255	0.015544	5.290201	23
2505.746984	80.708931	0.015542	5.193081	24
2506.795919	80.360725	0.015568	5.161999	25
2507.836887	79.892212	0.015538	5.141683	26
2508.870144	94.013527	0.015538	6.050744	27
2509.926748	78.258072	0.015539	5.036396	28
2510.965165	82.343788	0.015544	5.297493	29
2512.015454	78.986496	0.015586	5.067684	30
2513.050759	81.696411	0.015534	5.259057	31
2514.104470	79.228584	0.015549	5.095523	32
2515.134853	83.408073	0.015548	5.364706	33
2516.192959	79.679741	0.015547	5.125065	34
2517.221928	82.573540	0.015529	5.317507	35
2518.283224	78.739471	0.015610	5.044283	36
2519.308711	82.577888	0.015641	5.279557	37
2520.371063	78.739677	0.015610	5.044178	38
2521.395869	82.100777	0.015557	5.277304	39
2522.458138	78.853256	0.015652	5.038063	40
2523.483467	113.505363	0.015673	7.242307	41
2524.544743	82.152451	0.015677	5.240213	42
2525.571407	84.328285	0.015638	5.392360	43
2526.630955	79.668625	0.015688	5.078472	44
2527.659419	83.506050	0.015644	5.337955	45
2528.716217	80.566856	0.015640	5.151494	46
2529.748069	81.312691	0.015588	5.216328	47
2530.801391	82.896622	0.015555	5.329340	48
2531.835361	81.932716	0.015550	5.268960	49
2532.887814	82.078064	0.015693	5.230274	50
2533.923608	82.675163	0.015741	5.252119	51
2534.974978	81.576950	0.015789	5.166796	52
2536.011801	82.670975	0.015764	5.244421	53
2537.061353	81.359459	0.015609	5.212192	54
2538.099738	80.582062	0.015603	5.164673	55
2539.147961	81.950089	0.015592	5.255960	56
2540.181167	89.834129	0.015695	5.723855	57
2541.235173	82.623062	0.015725	5.254178	58
2542.265581	91.780930	0.015664	5.859401	59
2543.316629	89.278564	0.015634	5.710548	60
2544.360619	80.852264	0.015600	5.182915	61
2545.411114	81.581337	0.015707	5.193974	62
2546.447087	81.318596	0.015585	5.217623	63
2547.499474	81.090958	0.015690	5.168256	64
2548.534268	80.075546	0.015609	5.130088	65
2549.586869	81.496422	0.015563	5.236468	66
2550.618862	83.002434	0.015612	5.316732	67
2551.677622	78.818657	0.015545	5.070431	68
2552.704862	83.078659	0.015521	5.352613	69
2553.765122	78.504776	0.015556	5.046478	70
2554.791790	82.268539	0.015546	5.291814	71
2555.852240	81.233963	0.015663	5.186299	72
2556.878872	82.730232	0.015743	5.255049	73
2557.941283	78.379303	0.015695	4.993942	74
2558.965121	84.128769	0.015673	5.367774	75
2560.027195	81.043648	0.015713	5.157830	76
2561.054418	81.854813	0.015726	5.204989	77
2562.114673	79.123047	0.015696	5.040935	78
2563.140614	84.493271	0.015721	5.374463	79
2564.199967	80.739342	0.015707	5.140306	80
2565.230620	81.767914	0.015737	5.196041	81
2566.286974	79.112206	0.015696	5.040312	82
2567.318611	83.643166	0.015727	5.318581	83
2568.373137	78.347595	0.015726	4.982003	84
2569.406437	83.739426	0.015700	5.333873	85
2570.458679	78.373535	0.015735	4.980991	86
2571.495223	83.534355	0.015724	5.312414	87
2572.542526	84.660675	0.015698	5.393183	88
2573.584840	73.674606	0.015675	4.700005	89
2574.629866	79.319328	0.015725	5.044106	90
2575.674300	81.311340	0.015732	5.168625	91
2576.714243	81.948151	0.015730	5.209791	92
2577.764164	80.308655	0.015695	5.116941	93
2578.799053	82.058327	0.015702	5.225855	94
2579.850803	81.977020	0.015693	5.223714	95
2580.885376	80.109306	0.015649	5.119064	96
2581.939501	81.480309	0.015697	5.190855	97
2582.971987	82.069298	0.015690	5.230814	98
2584.029746	78.721779	0.015665	5.025181	99
2585.059080	80.951225	0.015566	5.200430	100
2586.102230	97.112312	0.015583	6.231827	101
2587.146736	84.521667	0.015761	5.362774	102
2588.204005	81.454491	0.015780	5.161792	103
2589.232463	82.918022	0.015734	5.269874	104
2590.290111	82.375832	0.015738	5.234324	105
2591.319679	83.134834	0.015732	5.284448	106
2592.377585	82.410843	0.015757	5.229974	107
2593.408012	82.539871	0.015780	5.230661	108
2594.464576	81.471809	0.015729	5.179718	109
2595.495063	82.941589	0.015767	5.260547	110
2596.551151	82.146362	0.015783	5.204727	111
2597.583238	82.524750	0.015765	5.234657	112
2598.638000	81.798462	0.015742	5.196109	113
2599.671495	82.399551	0.015756	5.229755	114
2600.723889	82.124985	0.015746	5.215738	115
2601.759475	82.318657	0.015739	5.230110	116
2602.811242	80.697014	0.015722	5.132874	117
2603.848080	82.016624	0.015711	5.220268	118
2604.896210	82.150139	0.015685	5.237629	119
2605.924612	98.210724	0.015697	6.256714	120
2606.982608	83.191544	0.015716	5.293572	121
2608.026291	80.523926	0.015729	5.119616	122
2609.068242	83.313530	0.015719	5.300148	123
2610.115590	79.718025	0.015760	5.058141	124
2611.153768	83.515015	0.015775	5.294155	125
2612.206438	77.207329	0.015754	4.900759	126
2613.238979	84.149384	0.015703	5.358703	127
2614.287187	86.569794	0.015705	5.512243	128
2615.325154	83.926918	0.015672	5.355156	129
2616.382442	79.689003	0.015660	5.088720	130
2617.411615	83.522911	0.015663	5.332504	131
2618.469630	79.695839	0.015659	5.089479	132
2619.497753	83.893814	0.015664	5.355860	133
2620.558703	78.754272	0.015638	5.036195	134
2621.584135	84.134987	0.015632	5.382103	135
2622.646957	80.710976	0.015616	5.168391	136
2623.671915	84.416550	0.015590	5.414915	137
2624.733630	79.844475	0.015589	5.121947	138
2625.758537	83.405472	0.015583	5.352341	139
2626.821530	79.801498	0.015674	5.091331	140
2627.846486	79.398109	0.015759	5.038222	141
2628.907080	81.474152	0.015730	5.179420	142
2629.934195	83.372055	0.015736	5.298306	143
2630.994793	80.938393	0.015743	5.141188	144
2632.021292	83.574646	0.015708	5.320404	145
2633.081671	79.730370	0.015719	5.072101	146
2634.109264	83.151352	0.015698	5.296944	147
2635.167557	80.707512	0.015694	5.142691	148
2636.196790	83.571625	0.015690	5.326551	149
2637.253673	81.664963	0.015707	5.199264	150
2638.285246	78.092155	0.015678	4.981030	151
2639.342241	79.855911	0.015707	5.083965	152
2640.372298	83.113228	0.015657	5.308274	153
2641.427219	82.200508	0.015694	5.237763	154
2642.461131	80.598549	0.015577	5.174342	155
2643.515372	80.506371	0.015713	5.123419	156
2644.547894	80.105194	0.015750	5.085933	157
2645.601777	81.426750	0.015750	5.170105	158
2646.634231	82.859703	0.015644	5.296464	159
2647.689846	78.467438	0.015709	4.994924	160
2648.722056	82.518913	0.015661	5.269156	161
2649.778794	78.145561	0.015589	5.012960	162
2650.808540	82.321655	0.015580	5.283931	163
2651.865237	79.699883	0.015639	5.096351	164
2652.895080	82.948524	0.015579	5.324434	165
2653.952545	79.712364	0.015568	5.120400	166
2654.982946	81.805046	0.015664	5.222538	167
2656.041626	78.625122	0.015584	5.045149	168
2657.069199	82.198738	0.015555	5.284519	169
2658.128080	80.752548	0.015525	5.201416	170
2659.156780	81.772255	0.015679	5.215299	171
2660.216006	79.981720	0.015698	5.095171	172
2661.242930	82.600090	0.015585	5.300088	173
2662.305148	77.891754	0.015602	4.992476	174
2663.329953	82.776001	0.015648	5.289855	175
2664.391570	79.758377	0.015609	5.109684	176
2665.416751	83.686111	0.015579	5.371570	177
2666.479403	78.657578	0.015549	5.058563	178
2667.503969	83.214211	0.015546	5.352646	179
2668.565662	80.808678	0.015592	5.182724	180
2669.591725	80.035484	0.015659	5.111117	181
2670.652235	79.587456	0.015504	5.133453	182
2671.679871	82.775154	0.015533	5.329107	183
2672.739977	79.081337	0.015556	5.083790	184
2673.766947	83.643906	0.015562	5.375000	185
2674.824995	80.066238	0.015555	5.147293	186
2675.854872	85.133163	0.015553	5.473606	187
2676.912260	76.919678	0.015618	4.925201	188
2677.944337	82.059303	0.015655	5.241848	189
2678.998719	79.015976	0.015644	5.050821	190
2680.032392	82.361786	0.015685	5.250912	191
2681.084584	79.356476	0.015581	5.093257	192
2682.120532	82.045860	0.015644	5.244645	193
2683.170526	80.055489	0.015677	5.106602	194
2684.209826	81.610634	0.015641	5.217742	195
2685.256432	80.348564	0.015643	5.136480	196
2686.297294	81.726318	0.015645	5.223727	197
2687.342557	80.964272	0.015677	5.164490	198
2688.385922	82.656479	0.015660	5.278355	199
2689.430457	80.154083	0.015636	5.126371	200
2690.473983	81.029022	0.015662	5.173610	201
2691.516003	82.259445	0.015628	5.263498	202
2692.562850	80.601303	0.015620	5.160057	203
2693.603711	79.608032	0.015619	5.096968	204
2694.649868	86.320290	0.015661	5.511636	205
2695.689365	84.812576	0.015611	5.433026	206
2696.737038	80.973984	0.015528	5.214696	207
2697.777702	79.406136	0.015582	5.096143	208
2698.825058	80.236984	0.015593	5.145725	209
2699.864287	81.518105	0.015549	5.242563	210
2700.911577	81.529076	0.015564	5.238464	211
2701.951078	80.362831	0.015517	5.178950	212
2702.999049	81.881546	0.015666	5.226629	213
2704.039443	82.108894	0.015729	5.220336	214
2705.086033	81.947464	0.015685	5.224459	215
2706.126947	80.465454	0.015704	5.123890	216
2707.173236	82.243530	0.015754	5.220407	217
2708.214530	80.800911	0.015671	5.156189	218
2709.259076	84.819923	0.015705	5.400696	219
2710.302753	80.803497	0.015699	5.147060	220
2711.346574	82.203781	0.015726	5.227288	221
2712.389594	85.025665	0.015701	5.415446	222
2713.433623	82.202728	0.015726	5.227139	223
2714.478280	79.784485	0.015686	5.086483	224
2715.519826	83.225639	0.015740	5.287563	225
2716.566250	80.146667	0.015752	5.087939	226
2717.607515	82.154900	0.015724	5.224866	227
2718.654484	72.643036	0.015731	4.617937	228
2719.692284	83.144150	0.015697	5.296889	229
2720.742862	79.041740	0.015723	5.027041	230
2721.778901	83.494263	0.015721	5.310908	231
2722.830156	81.419960	0.015744	5.171451	232
2723.865974	84.191399	0.015707	5.360250	233
2724.918454	79.866600	0.015672	5.096064	234
2725.953362	85.532135	0.015729	5.437729	235
2727.006708	79.938210	0.015702	5.090937	236
2728.038590	82.885788	0.015737	5.266997	237
2729.095723	78.886795	0.015738	5.012499	238
2730.124986	83.357628	0.015702	5.308712	239
2731.183038	80.255867	0.015731	5.101668	240
2732.211596	85.312065	0.015723	5.426086	241
2733.270373	80.623856	0.015715	5.130502	242
2734.298620	83.467262	0.015735	5.304419	243
2735.359674	78.610313	0.015766	4.985972	244
2736.376827	95.449814	0.015759	6.056983	245
2737.445728	80.836800	0.015711	5.145164	246
2738.472759	83.610939	0.015713	5.320975	247
2739.533817	80.996117	0.015737	5.146732	248
2740.559850	83.451050	0.015728	5.305833	249
2741.620096	81.154144	0.015688	5.173011	250
2742.647487	82.597160	0.015707	5.258589	251
2743.708179	80.572060	0.015708	5.129315	252
2744.733322	84.428345	0.015706	5.375484	253
2745.796406	79.076180	0.015714	5.032251	254
2746.821386	83.530243	0.015693	5.322877	255
2747.883248	80.213432	0.015711	5.105407	0
2748.909672	82.897247	0.015711	5.276462	1
2749.968533	81.911964	0.015723	5.209569	2
2750.988992	92.341522	0.015728	5.871127	3
2752.056843	80.992882	0.015714	5.154247	4
2753.082377	85.692032	0.015727	5.448739	5
2754.144015	81.034668	0.015750	5.145113	6
2755.171964	81.798286	0.015709	5.207155	7
2756.231572	79.715446	0.015753	5.060447	8
2757.259258	81.266991	0.015732	5.165782	9
2758.318828	80.401886	0.015729	5.111624	10
2759.344559	84.051804	0.015688	5.357774	11
2760.405853	81.364578	0.015750	5.166162	12
2761.431741	84.284821	0.015745	5.353002	13
2762.493028	79.667358	0.015759	5.055344	14
2763.518684	84.589737	0.015732	5.376801	15
2764.581397	79.148460	0.015723	5.033910	16
2765.606442	83.663971	0.015716	5.323411	17
2766.667840	80.783875	0.015739	5.132786	18
2767.685999	93.796173	0.015734	5.961459	19
2768.754519	80.769852	0.015720	5.138133	20
2769.780658	85.717873	0.015716	5.454350	21
2770.842764	80.392204	0.015732	5.110056	22
2771.867857	84.143181	0.015728	5.349827	23
2772.930907	80.032814	0.015720	5.091034	24
2773.955742	76.707359	0.015750	4.870416	25
2775.017348	81.556107	0.015739	5.181857	26
2776.043490	84.392540	0.015747	5.359436	27
2777.105854	79.466591	0.015776	5.037287	28
2778.130433	83.515121	0.015744	5.304452	29
2779.190507	80.926460	0.015729	5.144894	30
2780.217807	83.574936	0.015722	5.315873	31
2781.278985	80.317230	0.015666	5.126977	32
2782.305702	83.007072	0.015756	5.268186	33
2783.366510	79.103828	0.015757	5.020186	34
2784.392467	82.127686	0.015728	5.221744	35
2785.452818	79.722504	0.015760	5.058601	36
2786.480781	83.664810	0.015752	5.311256	37
2787.540840	78.138702	0.015700	4.977025	38
2788.567691	84.910896	0.015733	5.397148	39
2789.626857	79.532570	0.015737	5.053842	40
2790.656130	83.985031	0.015702	5.348550	41
2791.712487	80.770309	0.015786	5.116436	42
2792.743821	83.344788	0.015763	5.287431	43
2793.799943	80.053444	0.015764	5.078355	44
2794.831915	82.816010	0.015770	5.251414	45
2795.886336	80.141281	0.015767	5.082830	46
2796.919820	82.550377	0.015769	5.235002	47
2797.972383	80.886086	0.015746	5.136767	48
2799.007660	83.605431	0.015741	5.311447	49
2800.059467	82.054062	0.015740	5.213220	50
2801.096126	78.462204	0.015728	4.988588	51
2802.147059	79.423347	0.015746	5.044098	52
2803.183587	81.980659	0.015744	5.207167	53
2804.234820	78.364601	0.015723	4.984039	54
2805.271625	83.120865	0.015763	5.273017	55
2806.320363	79.934952	0.015763	5.071146	56
2807.360399	80.112083	0.015766	5.081278	57
2808.407060	80.231537	0.015735	5.098763	58
2809.447436	82.087456	0.015725	5.220112	59
2810.495483	82.304428	0.015770	5.218910	60
2811.533331	83.270920	0.015732	5.293047	61
2812.583689	77.608803	0.015752	4.926970	62
2813.620742	83.622009	0.015726	5.317326	63
2814.667881	81.097488	0.015741	5.151990	64
2815.707688	85.163681	0.015736	5.411960	65
2816.756650	76.639244	0.015726	4.873456	66
2817.795014	87.551018	0.015761	5.554997	67
2818.842879	80.742905	0.015732	5.132492	68
2819.882643	83.597595	0.015724	5.316409	69
2820.930044	81.204926	0.015747	5.156957	70
2821.970770	82.103630	0.015729	5.219887	71
2823.018268	80.103539	0.015730	5.092527	72
2824.056519	84.097450	0.015738	5.343439	73
2825.106647	80.242485	0.015743	5.097145	74
2826.143921	83.543755	0.015736	5.309184	75
2827.193870	77.639793	0.015738	4.933256	76
2828.231995	81.629364	0.015761	5.179183	77
2829.282721	78.774544	0.015771	4.994982	78
2830.317942	83.628853	0.015749	5.310136	79
2831.369753	80.042648	0.015743	5.084373	80
2832.406562	80.707733	0.015764	5.119637	81
2833.458144	78.109291	0.015759	4.956389	82
2834.491910	82.990280	0.015740	5.272645	83
2835.546306	78.336922	0.015730	4.979949	84
2836.579370	81.832542	0.015729	5.202582	85
2837.632723	80.046822	0.015713	5.094418	86
2838.664458	83.646637	0.015732	5.317067	87
2839.720741	80.443253	0.015744	5.109385	88
2840.751444	84.228386	0.015735	5.352982	89
2841.810871	77.107925	0.015768	4.890288	90
2842.837599	84.975677	0.015712	5.408312	91
2843.896141	136.467911	0.015743	8.668346	92
2844.925241	83.718941	0.015767	5.309755	93
2845.984801	80.169189	0.015744	5.091949	94
2847.011789	84.518921	0.015741	5.369436	95
2848.071648	79.904953	0.015730	5.079891	96
2849.098400	89.694420	0.015747	5.695968	97
2850.159642	86.892151	0.015765	5.511566	98
2851.185375	86.478172	0.015708	5.505355	99
2852.247455	79.725685	0.015716	5.072870	100
2853.272753	84.515770	0.015743	5.368322	101
2854.333844	80.441467	0.015752	5.106725	102
2855.360454	80.506950	0.015779	5.102099	103
2856.421939	80.111351	0.015742	5.088884	104
2857.447334	84.828506	0.015737	5.390232	105
2858.503085	88.142944	0.015736	5.601333	106
2859.536390	81.779274	0.015766	5.187119	107
2860.597183	131.361389	0.015805	8.311224	108
2861.621952	85.761681	0.015742	5.448009	109
2862.683742	79.768265	0.015739	5.068102	110
2863.710604	83.656693	0.015759	5.308433	111
2864.770101	81.331459	0.015746	5.165187	112
2865.796433	82.137154	0.015732	5.220871	113
2866.859990	78.209892	0.015716	4.976309	114
2867.884211	83.406456	0.015759	5.292700	115
2868.945837	80.209007	0.015750	5.092747	116
2869.971170	83.718697	0.015710	5.328876	117
2871.033116	79.903397	0.015803	5.056247	118
2872.058833	82.162384	0.015791	5.203113	119
2873.120562	80.971039	0.015764	5.136611	120
2874.146486	83.350410	0.015748	5.292658	121
2875.197196	93.232597	0.015746	5.921106	122
2876.232952	84.004013	0.015741	5.336657	123
2877.294765	83.118362	0.015739	5.281157	124
2878.322874	80.890984	0.015767	5.130356	125
2879.383723	79.152275	0.015753	5.024558	126
2880.409928	80.852089	0.015770	5.127036	127
2881.469673	80.242149	0.015739	5.098145	128
2882.495874	73.884567	0.015740	4.694100	129
2883.556439	80.359047	0.015806	5.084000	130
2884.582486	83.481445	0.015813	5.279277	131
2885.645483	79.298325	0.015740	5.038006	132
2886.668857	84.809410	0.015754	5.383319	133
2887.731798	79.944313	0.015764	5.071315	134
2888.758048	82.821800	0.015770	5.251911	135
2889.818133	80.683525	0.015715	5.134155	136
2890.844708	83.109619	0.015745	5.278521	137
2891.900597	85.729805	0.015771	5.435865	138
2892.931769	84.229630	0.015772	5.340587	139
2893.994031	79.630516	0.015757	5.053694	140
2895.019551	83.320923	0.015735	5.295202	141
2896.079973	80.546387	0.015741	5.116933	142
2897.106637	83.482452	0.015769	5.293992	143
2898.166869	81.116478	0.015740	5.153651	144
2899.194847	82.541893	0.015756	5.238913	145
2900.253798	80.769859	0.015744	5.130165	146
2901.281167	84.082512	0.015744	5.340616	147
2902.341526	80.569962	0.015700	5.131779	148
2903.370055	82.383446	0.015768	5.224780	149
2904.431260	77.621941	0.015746	4.929703	150
2905.456969	82.039001	0.015738	5.212950	151
2906.515867	79.303497	0.015778	5.026115	152
2907.544117	83.489090	0.015742	5.303638	153
2908.603592	78.343033	0.015716	4.984932	154
2909.632943	82.466370	0.015739	5.239495	155
2910.688319	80.638367	0.015754	5.118517	156
2911.718399	84.942322	0.015787	5.380409	157
2912.775828	81.322983	0.015742	5.166100	158
2913.806405	84.420631	0.015752	5.359335	159
2914.862323	80.602425	0.015745	5.119121	160
2915.894607	83.694550	0.015751	5.313602	161
2916.949767	80.445549	0.015770	5.101098	162
2917.982740	84.610390	0.015745	5.373800	163
2919.036199	80.318512	0.015740	5.102821	164
2920.070523	82.853134	0.015762	5.256621	165
2921.123158	80.346794	0.015751	5.101083	166
2922.158410	83.781311	0.015761	5.315572	167
2923.210619	79.999062	0.015780	5.069493	168
2924.244875	84.134911	0.015743	5.344437	169
2925.296476	80.880852	0.015746	5.136527	170
2926.334158	82.365280	0.015745	5.231167	171
2927.383502	80.883011	0.015745	5.136933	172
2928.420985	80.520508	0.015756	5.110564	173
2929.471304	79.813278	0.015770	5.061156	174
2930.509934	81.047661	0.015745	5.147575	175
2931.558973	77.328049	0.015741	4.912667	176
2932.595713	83.284630	0.015764	5.283086	177
2933.644323	81.083344	0.015751	5.147923	178
2934.683577	82.497032	0.015709	5.251426	179
2935.732758	79.889809	0.015772	5.065386	180
2936.771886	82.007431	0.015773	5.199130	181
2937.819434	80.452888	0.015754	5.106873	182
2938.856392	84.268555	0.015734	5.355701	183
2939.900759	87.958939	0.015780	5.574153	184
2940.944868	82.418228	0.015736	5.237566	185
2941.996035	78.873825	0.015775	4.999985	186
2943.031683	83.660515	0.015711	5.325008	187
2944.082754	79.024132	0.015772	5.010438	188
2945.119439	81.939171	0.015713	5.214694	189
2946.169185	80.651566	0.015752	5.119931	190
2947.206187	83.193260	0.015750	5.282142	191
2948.257460	79.687920	0.015773	5.052148	192
2949.293230	82.632690	0.015757	5.244213	193
2950.344182	82.535248	0.015759	5.237219	194
2951.379405	83.587692	0.015715	5.318879	195
2952.433308	79.059792	0.015756	5.017733	196
2953.466083	84.302315	0.015717	5.363647	197
2954.520125	80.100349	0.015749	5.086189	198
2955.553779	83.413643	0.015774	5.288065	199
2956.607993	80.167618	0.015710	5.103015	200
2957.640603	84.000862	0.015741	5.336460	201
2958.695370	81.003815	0.015747	5.144234	202
2959.727615	83.524368	0.015777	5.294044	203
2960.783485	80.331314	0.015757	5.098210	204
2961.815796	81.725555	0.015779	5.179491	205
2962.871788	78.622635	0.015752	4.991127	206
2963.900648	84.472084	0.015720	5.373436	207
2964.958641	79.459381	0.015769	5.039024	208
2965.988288	83.556404	0.015737	5.309581	209
2967.046206	80.253944	0.015732	5.101229	210
2968.076150	83.635109	0.015787	5.297605	211
2969.133624	79.485756	0.015748	5.047402	212
2970.161979	75.607742	0.015746	4.801770	213
2971.222560	77.780884	0.015780	4.929114	214
2972.250616	82.402946	0.015777	5.223023	215
2973.308090	80.458740	0.015755	5.106955	216
2974.337162	83.405449	0.015755	5.293896	217
2975.397093	79.936417	0.015749	5.075674	218
2976.424177	84.715256	0.015778	5.369079	219
2977.483169	81.968071	0.015771	5.197464	220
2978.500721	98.064583	0.015750	6.226431	221
2979.570330	80.656441	0.015748	5.121537	222
2980.597943	83.893837	0.015780	5.316619	223
2981.658212	80.035759	0.015746	5.082883	224
2982.685467	83.745667	0.015753	5.316318	225
2983.746109	80.849358	0.015778	5.124124	226
2984.772380	84.434532	0.015755	5.359204	227
2985.834580	78.784477	0.015754	5.000904	228
2986.858976	86.943756	0.015758	5.517535	229
2987.920364	80.737328	0.015778	5.117179	230
2988.948107	82.723709	0.015774	5.244302	231
2990.007754	79.819969	0.015745	5.069430	232
2991.034930	83.518280	0.015747	5.303880	233
2992.090939	86.187607	0.015759	5.468930	234
2993.122105	83.276726	0.015758	5.284705	235
2994.182399	81.355179	0.015779	5.156078	236
2995.208166	85.086922	0.015758	5.399662	237
2996.270871	78.793381	0.015753	5.001679	238
2997.295899	86.131187	0.015719	5.479556	239
2998.356406	81.433876	0.015728	5.177479	240
2999.383595	84.059479	0.015784	5.325597	241
3000.443828	80.871834	0.015745	5.136492	242
3001.470624	84.409096	0.015727	5.367248	243
3002.530642	81.411232	0.015727	5.176413	244
3003.558754	83.800064	0.015776	5.311837	245
3004.617819	80.918594	0.015777	5.128809	246
3005.645378	84.740944	0.015731	5.386891	247
3006.706939	78.743736	0.015748	5.000163	248
3007.732735	84.511482	0.015719	5.376518	249
3008.792494	80.232437	0.015776	5.085730	250
3009.821657	82.214828	0.015740	5.223210	251
3010.880169	79.594406	0.015731	5.059743	252
3011.907607	84.224518	0.015764	5.342887	253
3012.968130	78.782356	0.015775	4.994018	254
3013.995373	84.204544	0.015780	5.336010	255
3015.053790	80.170723	0.015752	5.089575	0
3016.083365	84.108513	0.015761	5.336545	1
3017.140834	81.279266	0.015764	5.156054	2
3018.170199	83.819656	0.015736	5.326457	3
3019.229881	78.312859	0.015755	4.970614	4
3020.258054	84.161880	0.015774	5.335476	5
3021.314799	81.761368	0.015760	5.187920	6
3022.344778	83.955666	0.015754	5.329166	7
3023.403260	78.885986	0.015777	5.000009	8
3024.432764	83.456192	0.015787	5.286429	9
3025.489308	79.623917	0.015743	5.057752	10
3026.520624	82.899864	0.015787	5.251106	11
3027.577034	79.431763	0.015757	5.040938	12
3028.607474	83.461273	0.015744	5.300981	13
3029.663356	79.640556	0.015789	5.044169	14
3030.695344	82.946815	0.015772	5.259158	15
3031.752097	77.746964	0.015752	4.935696	16
3032.782281	83.674744	0.015739	5.316461	17
3033.837284	80.033234	0.015761	5.077933	18
3034.870078	84.039749	0.015750	5.335762	19
3035.925662	78.932602	0.015780	5.001940	20
3036.958205	83.969223	0.015754	5.330003	21
3038.011629	79.643578	0.015777	5.048024	22
3039.044407	84.362305	0.015804	5.337889	23
3040.098756	79.729088	0.015721	5.071410	24
3041.132911	82.476212	0.015742	5.239170	25
3042.185854	79.751503	0.015717	5.074246	26
3043.219660	83.262123	0.015784	5.275231	27
3044.272412	80.657913	0.015767	5.115778	28
3045.306078	82.844872	0.015752	5.259234	29
3046.361103	79.366196	0.015752	5.038534	30
3047.393956	83.831116	0.015745	5.324439	31
3048.448444	79.956337	0.015746	5.077813	32
3049.481840	84.300041	0.015744	5.354586	33
3050.536095	78.437996	0.015771	4.973642	34
3051.568098	84.175240	0.015753	5.343513	35
3052.615068	88.225693	0.015789	5.587892	36
3053.655876	83.556053	0.015801	5.288085	37
3054.710833	78.269020	0.015774	4.961993	38
3055.743760	83.023994	0.015743	5.273659	39
3056.796839	79.365021	0.015776	5.030752	40
3057.829494	84.579926	0.015756	5.368046	41
3058.883868	80.132088	0.015757	5.085560	42
3059.918212	82.703171	0.015744	5.252952	43
3060.971509	80.066696	0.015771	5.076930	44
3062.006294	78.876999	0.015773	5.000798	45
3063.058426	81.769150	0.015789	5.179024	46
3064.090765	84.473907	0.015753	5.362400	47
3065.145662	80.582405	0.015759	5.113463	48
3066.177893	84.339882	0.015776	5.346012	49
3067.233020	80.780525	0.015762	5.125170	50
3068.265123	82.495644	0.015750	5.237725	51
3069.320963	80.086723	0.015778	5.075741	52
3070.352638	84.412590	0.015815	5.337590	53
3071.407530	79.525887	0.015769	5.043298	54
3072.439260	84.200951	0.015756	5.344075	55
3073.497579	78.549484	0.015764	4.982940	56
3074.526832	83.601128	0.015751	5.307656	57
3075.583839	78.985497	0.015750	5.015077	58
3076.613563	85.822235	0.015760	5.445428	59
3077.664660	87.223495	0.015751	5.537766	60
3078.700459	84.805252	0.015798	5.368035	61
3079.757425	80.835747	0.015731	5.138646	62
3080.787775	85.115562	0.015718	5.415081	63
3081.845401	80.643021	0.015752	5.119391	64
3082.873532	85.876701	0.015766	5.447033	65
3083.932518	80.198280	0.015748	5.092619	66
3084.961148	85.102722	0.015747	5.404449	67
3086.020088	81.054085	0.015752	5.145570	68
3087.048469	84.263535	0.015785	5.338357	69
3088.106962	76.766609	0.015758	4.871568	70
3089.135075	84.887596	0.015754	5.388394	71
3090.194707	80.660080	0.015753	5.120203	72
3091.223762	82.782845	0.015762	5.252109	73
3092.282090	80.219673	0.015759	5.090551	74
3093.309760	82.931908	0.015780	5.255352	75
3094.368965	72.935043	0.015778	4.622546	76
3095.397286	84.805962	0.015762	5.380277	77
3096.458556	78.264008	0.015781	4.959341	78
3097.485334	82.284859	0.015779	5.214767	79
3098.545674	78.400856	0.015792	4.964647	80
3099.570233	85.508759	0.015758	5.426319	81
3100.631986	80.621758	0.015768	5.112867	82
3101.659121	83.178032	0.015778	5.271638	83
3102.720377	79.708466	0.015747	5.061838	84
3103.745571	85.298523	0.015755	5.414147	85
3104.805637	84.296257	0.015757	5.349883	86
3105.832747	84.357834	0.015747	5.356922	87
3106.894022	79.020645	0.015748	5.017845	88
3107.921394	82.396561	0.015756	5.229430	89
3108.980455	81.190376	0.015751	5.154454	90
3110.007853	103.879715	0.015772	6.586469	91
3111.068303	131.307770	0.015763	8.329980	92
3112.095246	83.291130	0.015790	5.274916	93
3113.154880	80.346199	0.015753	5.100480	94
3114.183069	84.620270	0.015781	5.362312	95
3115.242544	81.289635	0.015781	5.151143	96
3116.270264	81.028290	0.015753	5.143774	97
3117.329250	81.129181	0.015762	5.147294	98
3118.357052	83.990952	0.015780	5.322701	99
3119.418195	79.267044	0.015781	5.022998	100
3120.445880	81.779739	0.015755	5.190861	101
3121.503117	81.496170	0.015749	5.174573	102
3122.530394	86.230675	0.015730	5.481926	103
3123.591800	79.287483	0.015757	5.031963	104
3124.621996	79.767700	0.015753	5.063593	105
3125.677819	81.209030	0.015775	5.148088	106
3126.704939	83.952812	0.015728	5.337669	107
3127.764984	81.181435	0.015749	5.154685	108
3128.793526	83.914162	0.015743	5.330235	109
3129.851708	81.812469	0.015777	5.185465	110
3130.881314	84.026955	0.015777	5.325997	111
3131.939688	80.423462	0.015781	5.096124	112
3132.967932	82.630798	0.015783	5.235418	113
3134.026646	80.542747	0.015776	5.105515	114
3135.055553	84.116722	0.015744	5.342777	115
3136.113644	79.962158	0.015698	5.093888	116
3137.143421	83.600449	0.015746	5.309387	117
3138.199995	80.873093	0.015766	5.129440	118
3139.229987	84.552460	0.015756	5.366276	119
3140.287538	80.830849	0.015751	5.131844	120
3141.317793	84.932533	0.015760	5.389158	121
3142.373938	81.139160	0.015762	5.147632	122
3143.405801	81.096893	0.015744	5.151096	123
3144.461526	80.218246	0.015783	5.082647	124
3145.493260	83.467155	0.015756	5.297535	125
3146.548487	80.198669	0.015749	5.092326	126
3147.580644	83.127831	0.015719	5.288260	127
3148.631141	86.058189	0.015778	5.454445	128
3149.666646	83.363998	0.015761	5.289375	129
3150.722467	80.634209	0.015783	5.108766	130
3151.754763	84.344139	0.015751	5.354952	131
3152.809956	77.621582	0.015752	4.927642	132
3153.841991	83.990135	0.015758	5.330083	133
3154.897230	80.306030	0.015720	5.108635	134
3155.929660	84.228867	0.015735	5.352904	135
3156.983721	80.212975	0.015764	5.088346	136
3158.017938	82.714882	0.015754	5.250572	137
3159.071060	84.043243	0.015772	5.328676	138
3160.105718	82.347427	0.015757	5.226030	139
3161.158225	80.561661	0.015747	5.115936	140
3162.191586	83.383331	0.015742	5.296907	141
3163.246454	78.498032	0.015781	4.974189	142
3164.279128	84.221230	0.015773	5.339599	143
3165.332189	82.077454	0.015744	5.213171	144
3166.367957	81.358032	0.015751	5.165357	145
3167.420926	79.618217	0.015783	5.044430	146
3168.454705	81.724541	0.015761	5.185102	147
3169.507768	78.907425	0.015751	5.009609	148
3170.540752	84.270798	0.015761	5.346812	149
3171.593952	79.974701	0.015777	5.069207	150
3172.627252	85.002151	0.015762	5.392793	151
3173.683030	78.181908	0.015778	4.955110	152
3174.715330	82.992989	0.015753	5.268433	153
3175.768743	120.542343	0.015729	7.663905	154
3176.801427	83.942009	0.015749	5.329892	155
3177.855032	82.304359	0.015730	5.232460	156
3178.888281	84.620522	0.015761	5.369007	157
3179.943767	80.243187	0.015789	5.082140	158
3180.977222	82.342880	0.015782	5.217677	159
3182.032114	80.012733	0.015754	5.078739	160
3183.063138	84.174576	0.015748	5.345091	161
3184.118711	79.585464	0.015778	5.044201	162
3185.150531	83.715523	0.015740	5.318596	163
3186.208093	77.813080	0.015777	4.932060	164
3187.238720	82.423393	0.015745	5.234958	165
3188.292896	80.845398	0.015779	5.123571	166
3189.324092	84.785133	0.015768	5.376881	167
3190.380819	80.213715	0.015775	5.084737	168
3191.411601	82.644691	0.015743	5.249553	169
3192.469205	80.829063	0.015804	5.114452	170
3193.499777	84.228569	0.015770	5.341057	171
3194.557017	80.393684	0.015758	5.101735	172
3195.585596	84.285736	0.015747	5.352433	173
3196.645638	77.423050	0.015774	4.908293	174
3197.672178	85.906723	0.015798	5.437824	175
3198.732115	79.359940	0.015802	5.022060	176
3199.759171	87.299110	0.015825	5.516482	177
3200.817976	80.464622	0.015846	5.078021	178
3201.846959	84.402847	0.015808	5.339325	179
3202.905132	80.854988	0.015817	5.111942	180
3203.933211	85.495483	0.015817	5.405346	181
3204.992865	80.533562	0.015809	5.094027	182
3206.021335	84.026741	0.015851	5.301199	183
3207.080784	80.127487	0.015818	5.065618	184
3208.110201	81.800888	0.015806	5.175393	185
3209.168851	80.108246	0.015846	5.055431	186
3210.195884	83.319260	0.015840	5.259979	187
3211.255387	80.555069	0.015788	5.102260	188
3212.282037	84.829735	0.015812	5.364908	189
3213.342124	81.100845	0.015849	5.117021	190
3214.368563	83.742096	0.015810	5.296885	191
3215.419209	92.933655	0.015850	5.863312	192
3216.457837	82.890862	0.015817	5.240625	193
3217.516367	81.460724	0.015845	5.141159	194
3218.543416	85.066177	0.015812	5.379738	195
3219.604621	79.906517	0.015813	5.053154	196
3220.631643	84.047783	0.015837	5.307091	197
3221.691558	81.328362	0.015794	5.149294	198
3222.717576	85.587608	0.015788	5.420969	199
3223.779334	79.893562	0.015822	5.049663	200
3224.806362	83.513809	0.015816	5.280450	201
3225.866311	79.841469	0.015828	5.044336	202
3226.894311	82.814163	0.015858	5.222258	203
3227.952789	81.003586	0.015822	5.119633	204
3228.979871	85.196625	0.015810	5.388694	205
3230.030145	92.843185	0.015841	5.860986	206
3231.067902	84.844429	0.015819	5.363444	207
3232.127515	80.970238	0.015848	5.109238	208
3233.155809	83.542091	0.015820	5.280936	209
3234.213869	81.065880	0.015816	5.125444	210
3235.243698	82.800217	0.015814	5.236009	211
3236.302747	79.546158	0.015837	5.022959	212
3237.330512	84.720192	0.015797	5.363211	213
3238.388943	80.397461	0.015851	5.071955	214
3239.417307	84.340347	0.015810	5.334600	215
3240.476669	80.234993	0.015832	5.068030	216
3241.505509	83.707741	0.015809	5.295003	217
3242.563434	80.033455	0.015841	5.052384	218
3243.591882	84.854454	0.015820	5.363820	219
3244.651094	79.340675	0.015822	5.014443	220
3245.681060	83.971985	0.015821	5.307769	221
3246.738905	78.611183	0.015851	4.959321	222
3247.767561	84.207214	0.015818	5.323399	223
3248.823931	81.082825	0.015819	5.125669	224
3249.854573	84.680969	0.015834	5.347949	225
3250.912024	80.739731	0.015853	5.092881	226
3251.942645	83.944267	0.015870	5.289487	227
3252.999804	79.772560	0.015819	5.042705	228
3254.018893	99.474487	0.015859	6.272338	229
3255.085796	80.467789	0.015858	5.074227	230
3256.117759	84.597115	0.015844	5.339250	231
3257.172534	78.772026	0.015830	4.976109	232
3258.204626	84.726295	0.015835	5.350710	233
3259.260149	80.688332	0.015820	5.100545	234
3260.293089	83.798714	0.015815	5.298574	235
3261.349141	78.191589	0.015859	4.930416	236
3262.380081	84.218651	0.015866	5.307962	237
3263.434603	80.408440	0.015853	5.072018	238
3264.468167	83.808815	0.015826	5.295649	239
3265.521614	79.966522	0.015853	5.044343	240
3266.555402	84.026138	0.015854	5.299988	241
3267.608658	80.149803	0.015856	5.054997	242
3268.644736	81.787689	0.015859	5.157032	243
3269.695300	81.388206	0.015823	5.143536	244
3270.730296	83.728119	0.015789	5.302960	245
3271.781754	81.323761	0.015825	5.138902	246
3272.816269	84.846443	0.015829	5.360223	247
3273.869758	80.403114	0.015845	5.074437	248
3274.904799	84.567390	0.015849	5.335893	249
3275.956431	80.851166	0.015825	5.109218	250
3276.990498	85.162498	0.015833	5.378769	251
3278.044084	80.405556	0.015855	5.071303	252
3279.078600	84.641258	0.015843	5.342549	253
3280.131454	80.904152	0.015856	5.102311	254
3281.165857	84.432831	0.015858	5.324158	255
3282.218323	80.654221	0.015849	5.089052	0
3283.252064	85.031410	0.015795	5.383362	1
3284.306060	80.577698	0.015839	5.087159	2
3285.340413	83.733368	0.015824	5.291478	3
3286.395124	78.483383	0.015836	4.955997	4
3287.427385	84.036903	0.015830	5.308742	5
3288.480610	80.915894	0.015818	5.115578	6
3289.515125	88.592056	0.015883	5.577954	7
3290.568818	80.931633	0.015828	5.113049	8
3291.596602	90.046066	0.015831	5.688003	9
3292.656101	81.473999	0.015825	5.148444	10
3293.688074	84.838852	0.015836	5.357467	11
3294.743287	80.917519	0.015852	5.104518	12
3295.775907	98.623550	0.015845	6.224383	13
3296.830488	80.569992	0.015822	5.092237	14
3297.861929	84.895927	0.015850	5.356281	15
3298.919674	79.583473	0.015823	5.029655	16
3299.949330	84.630615	0.015825	5.347852	17
3301.006599	79.714432	0.015831	5.035284	18
3302.035695	85.620361	0.015840	5.405264	19
3303.093689	80.132980	0.015836	5.060099	20
3304.123670	84.061043	0.015822	5.312827	21
3305.183014	78.519577	0.015861	4.950442	22
3306.203651	93.161690	0.015795	5.898274	23
3307.269452	79.443947	0.015826	5.019989	24
3308.298156	84.375366	0.015798	5.340884	25
3309.356835	80.822678	0.015874	5.091368	26
3310.383415	86.207802	0.015803	5.454990	27
3311.443899	80.241600	0.015841	5.065294	28
3312.471846	84.156364	0.015818	5.320163	29
3313.531657	79.454887	0.015843	5.015116	30
3314.558210	85.293381	0.015835	5.386348	31
3315.618834	81.164871	0.015834	5.126140	32
3316.646020	84.497299	0.015823	5.340037	33
3317.706054	82.141281	0.015824	5.191015	34
3318.733200	84.883202	0.015843	5.357815	35
3319.793669	80.613739	0.015848	5.086830	36
3320.820257	84.635490	0.015857	5.337367	37
3321.880694	82.383820	0.015835	5.202554	38
3322.908332	83.511688	0.015854	5.267433	39
3323.968526	81.764915	0.015853	5.157723	40
3324.994553	84.807892	0.015821	5.360381	41
3326.056577	79.976242	0.015835	5.050753	42
3327.081741	84.744896	0.015829	5.353937	43
3328.142677	82.724365	0.015838	5.223233	44
3329.170037	83.936218	0.015864	5.290903	45
3330.229991	80.737106	0.015825	5.102031	46
3331.256361	84.914413	0.015820	5.367469	47
3332.319060	89.394852	0.015861	5.636142	48
3333.342663	85.683899	0.015836	5.410643	49
3334.405480	80.002525	0.015799	5.063803	50
3335.433024	82.034592	0.015819	5.185878	51
3336.491368	81.112320	0.015832	5.123280	52
3337.519991	86.520210	0.015829	5.466084	53
3338.580556	78.836624	0.015862	4.970248	54
3339.605530	84.610016	0.015860	5.334681	55
3340.666327	82.023865	0.015805	5.189695	56
3341.694582	82.367668	0.015842	5.199402	57
3342.753771	81.077217	0.015824	5.123655	58
3343.780735	83.348434	0.015853	5.257718	59
3344.841043	80.142166	0.015798	5.073061	60
3345.867134	85.097504	0.015801	5.385573	61
3346.928531	81.421677	0.015851	5.136534	62
3347.933015	115.905777	0.015820	7.326623	63
3349.016041	82.393051	0.015827	5.205960	64
3350.042566	84.093987	0.015853	5.304700	65
3351.103062	79.970612	0.015851	5.045218	66
3352.129820	84.441971	0.015831	5.334083	67
3353.190829	79.191734	0.015860	4.993166	68
3354.217013	83.286430	0.015849	5.255028	69
3355.277655	82.818336	0.015824	5.233638	70
3356.304710	84.368347	0.015835	5.327896	71
3357.364206	81.655975	0.015821	5.161325	72
3358.392514	83.858864	0.015815	5.302443	73
3359.449540	81.812721	0.015826	5.169487	74
3360.479865	82.228462	0.015848	5.188649	75
3361.538217	80.359489	0.015841	5.072810	76
3362.567393	84.017090	0.015817	5.311933	77
3363.626079	79.489983	0.015850	5.015095	78
3364.654368	84.558220	0.015830	5.341662	79
3365.711858	80.742477	0.015853	5.093307	80
3366.742769	84.013313	0.015865	5.295561	81
3367.798123	81.184944	0.015837	5.126203	82
3368.831009	83.077324	0.015822	5.250613	83
3369.886359	81.197586	0.015858	5.120437	84
3370.919206	85.376411	0.015855	5.384805	85
3371.972760	80.548668	0.015826	5.089652	86
3373.004571	84.143066	0.015820	5.318822	87
3374.060814	79.083214	0.015858	4.987023	88
3375.092684	83.279701	0.015820	5.264291	89
3376.146524	81.850204	0.015824	5.172382	90
3377.180637	82.742149	0.015833	5.226046	91
3378.234889	79.549782	0.015828	5.025953	92
3379.266942	84.118217	0.015850	5.306979	93
3380.321854	80.338226	0.015809	5.081942	94
3381.354817	83.294678	0.015793	5.274031	95
3382.408647	80.302078	0.015847	5.067382	96
3383.441393	84.504242	0.015802	5.347563	97
3384.495387	81.742134	0.015838	5.161292	98
3385.528975	84.065224	0.015828	5.311191	99
3386.583132	81.264946	0.015830	5.133636	100
3387.618286	82.008865	0.015855	5.172412	101
3388.671213	79.782631	0.015827	5.040778	102
3389.704193	85.109482	0.015849	5.370085	103
3390.759395	78.510010	0.015849	4.953540	104
3391.791147	84.229195	0.015867	5.308543	105
3392.845512	81.220032	0.015834	5.129457	106
3393.877973	88.844757	0.015823	5.614766	107
3394.932256	80.592751	0.015829	5.091613	108
3395.965579	83.389885	0.015838	5.265177	109
3397.019818	81.221794	0.015790	5.143868	110
3398.053594	82.350197	0.015819	5.205938	111
3399.106755	81.423874	0.015831	5.143174	112
3400.139452	85.532539	0.015836	5.401311	113
3401.194852	79.878151	0.015830	5.045999	114
3402.226952	83.330627	0.015832	5.263303	115
3403.281732	81.043816	0.015820	5.123022	116
3404.307372	91.977203	0.015830	5.810144	117
3405.369250	80.225288	0.015824	5.069941	118
3406.400664	83.758133	0.015836	5.289212	119
3407.457303	79.725166	0.015825	5.037902	120
3408.487047	84.504288	0.015821	5.341239	121
3409.544834	80.085342	0.015829	5.059433	122
3410.576095	82.101036	0.015821	5.189524	123
3411.631817	80.968727	0.015834	5.113612	124
3412.661205	84.547256	0.015827	5.341800	125
3413.719275	78.100266	0.015804	4.941732	126
3414.751127	81.185059	0.015852	5.121364	127
3415.806988	80.489563	0.015851	5.077765	128
3416.835804	84.936081	0.015855	5.356894	129
3417.894142	80.626785	0.015858	5.084290	130
3418.923292	81.652298	0.015852	5.150861	131
3419.982502	78.920609	0.015796	4.996304	132
3421.009941	86.147659	0.015829	5.442368	133
3422.069213	79.509819	0.015853	5.015382	134
3423.097149	84.221207	0.015850	5.313634	135
3424.155747	81.348152	0.015828	5.139424	136
3425.185005	84.802742	0.015832	5.356251	137
3426.243993	79.887970	0.015822	5.049213	138
3427.272956	82.305138	0.015856	5.190913	139
3428.330528	80.770073	0.015806	5.110129	140
3429.358246	86.556297	0.015830	5.468006	141
3430.418235	83.964767	0.015822	5.306998	142
3431.446544	83.618240	0.015836	5.280260	143
3432.507100	79.614487	0.015838	5.026922	144
3433.534423	84.606705	0.015820	5.348138	145
3434.593330	79.281311	0.015896	4.987549	146
3435.620002	83.036903	0.015821	5.248629	147
3436.680187	79.299225	0.015824	5.011450	148
3437.707997	85.424675	0.015849	5.390024	149
