num crossings	time (s)	maj axis (mm)	min axis (mm)	theta (rad )	slope (V/s)
389	788.272283	67.319626	1.788019	-4.676490	11.870318
393	793.518785	55.348979	-0.060618	4.734716	11.639480
395	795.606256	56.295249	-0.122055	4.731011	12.074591
403	803.958376	56.273689	-0.057159	4.737013	11.922057
409	810.224176	55.883329	-0.039261	4.736089	12.068874
411	812.313023	56.930552	-0.170517	4.739215	11.874408
413	814.401753	54.481534	-0.298547	4.731688	11.558016
417	818.579006	56.151778	-0.275210	4.738931	12.052634
421	822.755252	55.737809	-0.001382	4.731307	11.764707
423	824.842995	56.228963	-0.163779	4.738404	11.986287
427	829.017813	56.356845	-0.047223	4.735158	12.058083
429	831.105174	55.573944	-0.062697	4.734342	12.219863
431	833.193173	44.424198	4.441398	4.766909	11.921331
433	835.280862	55.820625	-0.199387	4.734923	11.694309
435	837.368575	59.018521	-2.791511	4.735773	12.118516
441	843.633417	62.055095	-2.509013	4.744688	11.883216
445	847.811157	55.752449	-0.080697	4.734961	11.917784
451	854.078830	56.002072	1.744610	4.728371	11.621087
453	856.167997	55.657022	-0.073563	4.734583	12.149568
455	858.256944	56.053567	-0.112291	4.726684	11.980409
459	862.434394	56.409928	-0.103439	4.731170	11.794733
461	864.522835	56.404010	-0.048523	4.734291	11.785403
467	870.786928	55.960139	-0.193662	4.730697	11.652440
469	872.875028	54.803566	4.619689	4.723985	11.720306
477	881.228493	55.314043	-0.285747	4.731195	11.852753
481	885.406007	53.315862	0.014627	4.728930	11.726850
483	887.494900	57.546804	2.286429	4.722729	11.886420
491	895.846641	55.666568	-0.037297	4.729434	11.712012
493	897.934409	56.090571	1.748062	4.725119	11.535082
505	910.461551	57.585282	-0.452873	4.725517	12.083841
507	912.550559	56.449462	-0.211675	4.728591	11.658077
513	918.816423	54.551277	-0.332667	4.741888	12.064098
515	920.905277	57.638226	-0.177124	4.732029	11.973907
525	931.350206	55.270921	-0.086689	4.725728	11.402602
529	935.526996	56.137681	-0.208430	4.726298	11.372101
537	943.879223	56.016712	-0.223489	4.729766	11.964869
539	945.967718	56.471238	-0.064577	4.727100	11.729213
553	960.586943	57.616575	-0.311814	4.735032	11.814744
555	962.674969	56.101386	-0.214518	4.726891	12.030510
557	964.763225	56.209561	-0.066381	4.729121	11.658256
563	971.026845	53.453537	4.930650	4.712853	11.831449
565	973.114249	55.808302	-0.313264	4.727803	12.151479
567	975.202546	55.789624	-0.152650	4.725530	11.487263
569	977.290321	56.389927	-0.243943	4.726382	12.224315
575	983.555197	56.151786	-0.194447	4.723373	11.790609
577	985.644102	56.273426	2.436606	4.712554	12.281198
579	987.732145	57.375089	-0.217938	4.728113	12.054991
587	996.088142	55.551295	-0.249910	4.722218	12.098504
593	1002.353761	56.068908	-0.218200	4.723979	11.839015
595	1004.442348	53.655634	-0.035208	4.717935	11.553648
599	1008.618818	56.300097	-0.255765	4.726351	11.586083
603	1012.795619	56.045643	-0.228750	4.723229	11.785770
607	1016.971970	56.264933	-0.162367	4.721231	11.611216
611	1021.148762	56.674490	-0.061776	4.721169	12.054526
613	1023.237861	55.982241	-0.175665	4.723431	11.374926
615	1025.325733	54.637927	4.223688	4.714581	12.144412
619	1029.502871	56.718065	-0.049185	4.722238	11.686088
621	1031.590826	56.077675	-0.161505	4.720827	11.753130
627	1037.855424	59.712425	-0.173069	4.727896	11.766983
629	1039.943307	52.026135	4.849962	4.711853	12.003874
637	1048.295893	53.773949	4.711065	4.709169	12.188678
641	1052.471849	56.483422	-0.272879	4.722565	12.219302
645	1056.648789	54.798812	3.123418	4.714081	11.851086
647	1058.737790	55.122458	-0.227330	4.716419	12.000993
649	1060.826186	53.578360	-0.000992	4.720191	11.791317
651	1062.915408	56.005991	-0.103250	4.716009	11.761774
653	1065.003673	58.015139	-3.892649	4.742756	11.647017
655	1067.092956	54.593220	-0.053464	4.713984	11.501165
665	1077.534649	57.702414	-0.118823	4.720600	12.135028
667	1079.623233	55.892716	-0.065291	4.716718	11.746903
671	1083.799930	55.368597	-0.008598	4.720888	11.935433
673	1085.887560	54.331342	-3.026603	4.738190	11.649812
675	1087.976698	56.218847	-0.203613	4.718903	11.311742
683	1096.330199	55.280211	-0.006324	4.719432	11.515151
695	1108.858917	56.891563	-0.088748	4.716884	11.751859
697	1110.947296	56.576903	-0.115760	4.715710	12.021222
699	1113.034813	54.227327	5.036639	4.700687	11.744187
703	1117.211336	53.524765	0.103232	4.722387	12.372832
707	1121.387726	54.193949	5.041326	4.700435	12.512549
711	1125.565057	56.985318	-0.121124	4.716967	11.931556
713	1127.653490	56.583992	-0.079551	4.717899	11.746781
715	1129.742066	53.202231	2.795319	4.717582	11.609010
719	1133.919590	56.380406	-0.097996	4.717834	11.761422
723	1138.096626	55.026073	-0.053087	4.713765	11.898769
727	1142.273450	54.412583	-0.328394	4.715471	11.683446
737	1152.715265	56.117599	-0.252544	4.714875	11.903897
739	1154.803798	56.427401	-0.251585	4.714695	11.626367
741	1156.892285	55.635799	-0.061256	4.714812	12.136119
743	1158.980611	55.963883	-0.072002	4.714001	11.663176
745	1161.068979	57.084923	4.526528	4.692882	11.701439
747	1163.157347	56.284631	-0.198106	4.713606	11.496128
751	1167.333750	56.599481	-0.274741	4.717736	12.016744
753	1169.422223	55.340860	-0.284681	4.712128	11.987582
755	1171.510364	56.688743	-0.044226	4.713421	11.829790
757	1173.598588	54.219453	0.072909	4.720018	11.669944
763	1179.862871	56.911376	-0.202721	4.716319	11.893036
765	1181.951361	55.786547	-0.258065	4.710550	11.886412
769	1186.127495	56.687377	-0.243884	4.714504	11.538282
775	1192.392065	56.371127	-0.132180	4.710699	12.147553
779	1196.569357	54.657685	2.008413	4.712462	12.088768
781	1198.657969	56.017536	-0.318081	4.712677	11.968636
783	1200.746348	55.897125	-0.275908	4.711186	11.943584
785	1202.835466	57.791008	-0.116825	4.712201	11.733417
789	1207.012382	55.184394	-0.280114	4.709136	11.694825
793	1211.189476	56.136936	-0.086742	4.707029	11.606308
797	1215.365951	56.960663	-0.091145	4.709300	11.376287
799	1217.454620	56.053049	-0.122592	4.708435	12.062537
801	1219.542802	55.902741	-0.093656	4.708947	11.829283
803	1221.631051	56.316566	-0.099477	4.707749	12.227103
815	1234.161341	56.169167	-0.171105	4.708726	11.978730
817	1236.249831	56.858830	-0.152535	4.712682	11.364903
827	1246.691004	56.199976	-0.173220	4.708344	11.903922
831	1250.867071	56.129685	-0.166084	4.708387	12.045550
841	1261.308928	55.866319	-0.201251	4.707899	11.881576
857	1278.016835	56.102421	-0.255597	4.708128	11.755336
859	1280.104980	56.161520	-0.203611	4.706268	11.748696
863	1284.281622	56.092732	-0.211227	4.706523	11.851771
867	1288.458496	56.124655	-0.202554	4.706519	12.020777
871	1292.635216	56.477199	-0.201822	4.706913	12.165871
873	1294.723721	54.633218	-0.029054	4.704623	11.522147
883	1305.165418	56.411505	-0.055395	4.705882	11.609094
885	1307.253564	55.973474	-0.073209	4.706836	12.161862
891	1313.518511	54.839134	-0.033149	4.707093	11.529579
899	1321.871325	55.430040	-0.266633	4.704147	12.306797
907	1330.224717	56.180175	-0.239785	4.704625	11.744993
911	1334.401824	56.555591	-0.074977	4.706527	12.017015
921	1344.843524	56.163675	-0.219179	4.703904	11.803637
925	1349.020341	56.086024	-0.202477	4.702572	12.121057
927	1351.109242	56.044387	-0.118004	4.702088	11.144404
933	1357.374330	56.176009	-0.239808	4.703752	11.811397
939	1363.639457	55.888221	-0.296572	4.702988	12.051051
943	1367.816054	55.149383	-0.033048	4.705045	11.650234
945	1369.904533	57.003434	-0.192914	4.703120	11.745799
949	1374.080450	56.033861	-0.074797	4.696929	11.636199
951	1376.168306	56.667417	0.000038	4.699445	11.914657
953	1378.257566	53.353315	4.573029	4.688337	11.836636
955	1380.345136	51.441782	0.020902	4.700661	11.456526
959	1384.521889	56.196032	-0.070533	4.700939	11.727823
961	1386.609984	59.406423	0.824646	4.692912	11.981097
969	1394.963620	55.909669	-0.080069	4.702917	11.750172
971	1397.051556	55.862086	-1.690715	4.708961	11.939466
973	1399.140325	56.801884	-0.242705	4.703704	11.990778
981	1407.495088	56.331082	-0.234287	4.701760	12.041901
983	1409.583208	56.201216	-0.091322	4.703084	11.711083
987	1413.759721	56.423724	-0.227637	4.701887	12.242506
991	1417.937633	56.108556	-0.192721	4.698033	12.024410
993	1420.025241	56.142573	-0.086692	4.698829	11.267081
995	1422.114010	56.209675	-0.123688	4.700333	12.330699
997	1424.201393	56.168861	-0.229226	4.699645	11.846630
999	1426.290134	56.875252	-0.171013	4.699833	11.446924
1001	1428.379271	56.434159	-0.093715	4.701433	11.574988
1003	1430.465943	56.313416	-0.035166	4.698950	11.416046
1007	1434.643372	55.669136	-0.065669	4.701345	11.890767
1009	1436.731226	56.264171	-0.170395	4.698014	12.013784
1013	1440.908114	56.392873	-0.079950	4.698151	12.010007
1019	1447.172884	56.094236	-0.063734	4.698478	12.063914
1021	1449.261202	56.336408	-0.054281	4.696814	11.165177
1023	1451.348917	53.263704	-3.047903	4.729696	11.983929
1039	1468.055828	56.133664	-0.168029	4.694904	11.936270
1041	1470.144286	55.958138	-0.131083	4.694844	11.694854
1045	1474.321249	56.554155	-0.083446	4.700567	11.586287
1051	1480.586551	57.559636	-0.114915	4.698855	12.137577
1053	1482.674749	56.367128	-0.147876	4.694021	11.515394
1055	1484.763366	53.379218	0.014179	4.704061	11.671574
1061	1491.028634	55.064276	-0.285202	4.692591	11.710496
1065	1495.205121	56.363667	-0.250087	4.697154	11.533148
1067	1497.293373	56.780312	-0.105347	4.696806	12.000175
1073	1503.558531	56.912650	-0.227490	4.696180	11.658205
1075	1505.646649	55.876271	-0.072694	4.694242	12.129992
1077	1507.735014	56.767566	4.832234	4.674476	11.647140
1079	1509.823245	56.972303	-0.231946	4.697044	12.079818
1085	1516.088240	56.171309	-0.277513	4.696341	11.804520
1089	1520.264823	56.545714	-0.074292	4.694848	11.845019
1091	1522.353140	68.320648	-3.346815	4.696108	12.285279
1095	1526.529564	54.724157	-0.033600	4.693834	11.974343
1097	1528.617704	53.569235	4.854926	4.678234	11.986057
1099	1530.706255	56.601602	-0.113700	4.698704	11.695540
1101	1532.794307	57.240439	-3.289192	4.705773	12.287200
1103	1534.883103	55.963948	-0.289787	4.693853	11.826642
1107	1539.060113	55.927999	-0.082114	4.694338	11.922610
1109	1541.147989	56.389721	-0.161650	4.690509	11.839373
1113	1545.324888	56.673897	-0.240045	4.695569	11.866534
1117	1549.502129	57.149415	-0.103322	4.690963	11.312110
1125	1557.855648	55.918750	-0.074534	4.690544	11.855588
1133	1566.209454	56.059995	-0.227039	4.691445	11.995378
1135	1568.297318	56.633991	-0.223758	4.692161	12.027451
1137	1570.386404	56.199727	-0.181222	4.690244	11.629162
1139	1572.474022	60.996969	-3.719464	4.706480	11.731808
1141	1574.562794	55.564994	-0.327839	4.690127	11.602059
1145	1578.739497	55.752323	-0.287856	4.691115	11.856310
1147	1580.827522	56.197843	-0.178896	4.690151	11.990616
1149	1582.915525	57.195560	-0.029617	4.686345	11.803933
1151	1585.003680	56.001702	-0.094070	4.691493	11.880923
1153	1587.092565	56.141768	-0.164368	4.689470	11.767621
1155	1589.180546	67.550804	-3.873520	4.718967	12.104323
1161	1595.445078	56.619442	-0.221643	4.692573	11.625510
1163	1597.533691	56.342517	-0.058233	4.692046	11.958117
1165	1599.622234	56.091591	-0.933043	4.692652	12.137410
1171	1605.886555	56.729027	-0.227460	4.691197	12.132672
1173	1607.975510	56.200252	-0.243510	4.690029	11.727574
1177	1612.151837	55.458715	-0.145388	4.691069	11.987562
1179	1614.241999	55.695375	-0.125181	4.687229	11.652115
1181	1616.329509	56.319661	-0.138457	4.686961	11.586275
1183	1618.418312	56.842595	-0.164500	4.691414	11.890655
1185	1620.506006	57.293901	-0.107916	4.691670	11.592613
1189	1624.682296	56.292952	-0.233769	4.688020	11.999264
1193	1628.859428	56.182016	-0.194703	4.687363	12.219688
1195	1630.948581	56.146231	-0.074364	4.687859	11.710394
1197	1633.036561	56.375627	-0.126488	4.688050	12.524281
1205	1641.389358	56.785817	-0.288571	4.690678	11.841094
1209	1645.566140	53.748236	-0.013751	4.687282	12.048598
1211	1647.654631	52.774920	-1.830752	4.705439	11.508762
1219	1656.007099	54.625056	-0.294013	4.681799	12.157710
1221	1658.096370	55.066560	-0.311874	4.682746	11.360311
1225	1662.272714	56.375659	-0.313865	4.686540	11.625512
1227	1664.360844	56.293912	-0.077265	4.689771	11.947269
1231	1668.537566	55.723845	-0.319265	4.685512	12.080379
1233	1670.626035	56.141298	-0.195025	4.684868	12.485135
1235	1672.715173	56.357110	-0.131482	4.686231	11.763195
1241	1678.979960	55.386671	-0.374007	4.683270	11.936095
1243	1681.068334	56.109743	-0.287539	4.685983	11.406733
1245	1683.156493	55.750094	-0.299385	4.686048	11.698432
1255	1693.597850	56.617021	-0.262637	4.688296	11.638499
1257	1695.686788	55.317725	-0.056643	4.686521	11.731167
1259	1697.774814	52.238212	-3.881471	4.719032	11.989418
1265	1704.039982	56.008100	-0.331776	4.684864	11.708769
1269	1708.216859	56.496500	-0.088272	4.682481	11.494037
1273	1712.393188	56.319513	-0.235449	4.684088	11.861971
1277	1716.569760	56.568927	-0.085588	4.684586	11.812222
1279	1718.658132	55.681305	0.015494	4.684325	11.646698
1285	1724.922212	56.662889	3.958686	4.665888	12.123224
1287	1727.011550	56.263455	-0.240871	4.682990	11.711111
1289	1729.099251	56.034623	-0.117703	4.682727	11.781561
1291	1731.187623	61.375089	-3.660014	4.696578	11.859712
1297	1737.453624	57.710590	-0.125778	4.687932	11.863425
1299	1739.542003	56.296134	-0.187585	4.681481	11.882944
1301	1741.629773	54.279511	4.383273	4.679760	11.939699
1303	1743.719161	56.443994	-0.255246	4.683055	11.942952
1305	1745.807111	56.450227	-0.084446	4.688889	11.913758
1307	1747.895569	55.999372	-0.165614	4.680098	11.869746
1309	1749.983640	52.553109	3.386405	4.687428	11.760690
1311	1752.072517	56.626273	-0.096918	4.683500	11.789024
1313	1754.160351	53.431203	0.008842	4.687835	12.047208
1317	1758.337167	56.000376	-0.064602	4.682841	12.166531
1323	1764.602295	55.598984	-0.056629	4.684779	12.011721
1325	1766.690271	57.959672	-3.824916	4.702269	11.867677
1329	1770.867082	55.946320	-0.087565	4.681035	11.841334
1331	1772.955270	55.202611	-0.061375	4.684706	11.910752
1333	1775.043777	56.752415	3.759434	4.664032	11.603952
1337	1779.220400	57.222005	-0.105792	4.680302	11.611040
1339	1781.308517	56.708733	3.660564	4.664284	11.815769
1341	1783.397173	56.650844	-0.315825	4.683344	11.428195
1343	1785.485723	56.335372	-0.223627	4.680123	12.184252
1357	1800.103524	56.332033	-0.068065	4.683990	11.735870
1359	1802.191741	55.543967	-0.087485	4.681443	11.909164
1361	1804.280309	56.311948	-0.146483	4.677716	11.927043
1369	1812.633961	56.591866	-0.331024	4.682536	11.600647
1383	1827.252374	56.362531	-0.269617	4.678794	12.153046
1387	1831.429052	56.048437	-0.172507	4.676645	11.663813
1397	1841.871116	56.044675	-0.287963	4.678502	11.834201
1403	1848.136078	56.395146	-0.069267	4.678632	11.727482
1405	1850.224266	53.160322	0.406809	4.683641	11.758197
1409	1854.400862	55.815471	-0.292313	4.676174	12.024019
1413	1858.577419	56.925524	-0.244708	4.678234	12.019902
1419	1864.842699	56.182933	-0.217566	4.675456	11.567351
1427	1873.196160	55.468974	-0.057582	4.679875	11.698175
1433	1879.461713	56.449389	-0.068579	4.681197	11.910004
1435	1881.550783	56.008825	-0.116950	4.674816	11.906171
1437	1883.638266	56.207230	-0.114564	4.674495	11.817965
1441	1887.814696	57.061088	-0.108671	4.680611	12.123607
1445	1891.991957	62.190737	0.061874	4.668760	11.559989
1447	1894.080104	56.707992	-0.191513	4.674076	11.848941
1453	1900.344854	56.541802	-0.090544	4.677185	12.160053
1455	1902.433612	56.206593	-0.193740	4.673224	12.108162
1457	1904.521421	56.841059	4.788711	4.653518	12.169870
1459	1906.610041	55.938680	-0.333574	4.674809	12.097079
1461	1908.698311	57.108991	-0.113939	4.670831	11.613402
1465	1912.874965	56.540371	-0.283283	4.676379	11.540704
1469	1917.051758	56.370699	-0.306511	4.675789	11.647332
1479	1927.492726	57.219133	-0.246700	4.670955	11.939994
1489	1937.935780	66.924837	2.852305	4.653141	11.851710
1491	1940.023209	56.570836	-0.282610	4.673754	12.347786
1499	1948.377016	56.470410	-0.112656	4.675783	11.704868
1505	1954.642341	56.742207	-0.094414	4.673445	11.673412
1511	1960.907491	55.430757	-0.073890	4.672004	11.823622
1513	1962.995436	49.258964	4.282286	4.673257	12.217209
1517	1967.172047	55.495802	-0.317249	4.669986	11.879746
1519	1969.260965	55.416643	-0.325423	4.669528	11.959750
1525	1975.525740	56.026852	-0.163560	4.669294	11.759750
1531	1981.790895	56.126598	-0.358682	4.670383	11.669425
1533	1983.878644	56.962036	-0.122087	4.671063	12.367654
1535	1985.967253	54.966075	-4.250938	4.710247	12.015327
1537	1988.055657	57.237042	-0.119933	4.675673	11.979002
1539	1990.144051	43.836838	2.897338	4.704551	11.782541
1543	1994.320683	56.414963	-0.271632	4.669659	12.253366
1545	1996.409033	56.406062	-0.205481	4.669580	11.702762
1547	1998.497193	56.010192	-0.158642	4.669161	11.941650
1549	2000.585676	54.769843	-0.024266	4.672199	12.101569
1553	2004.761821	56.934069	-0.323756	4.672147	12.245598
1555	2006.850816	57.158377	-0.093838	4.671182	12.129050
1559	2011.027615	55.985951	-0.297792	4.669406	11.686550
1563	2015.204474	57.043341	-0.127954	4.669110	12.145443
1565	2017.291980	55.788757	-0.105243	4.668743	11.614630
1567	2019.380964	56.916334	-0.224137	4.667931	12.212293
1571	2023.557671	56.893390	-0.091154	4.672559	12.532587
1575	2027.734378	56.767830	-0.369024	4.672441	12.262120
1587	2040.265048	56.366631	-0.248521	4.666707	11.447603
1591	2044.441289	57.048165	-0.106985	4.671251	12.030404
1593	2046.529773	55.377826	-0.100905	4.669908	11.739190
1605	2059.059752	56.329463	-0.294647	4.667616	11.725270
1607	2061.148276	56.678473	3.479572	4.651198	12.314241
1609	2063.236582	56.374992	-0.077773	4.669929	11.941425
1611	2065.325079	56.248223	-0.206424	4.665557	11.932952
1613	2067.413349	56.866169	3.157821	4.651040	11.932669
1615	2069.501707	55.737697	-0.076012	4.667522	11.563630
1619	2073.678261	56.622098	-0.121921	4.669339	12.480685
1621	2075.766750	62.035873	-3.306702	4.667997	11.768086
1623	2077.854807	56.287489	-0.236823	4.664985	12.057108
1625	2079.943407	56.007174	-0.116923	4.665883	11.669427
1637	2092.473621	54.169362	-0.050274	4.665452	11.710643
1639	2094.562132	55.929172	-0.218614	4.661087	11.853348
1645	2100.827209	55.283542	-0.040221	4.668813	11.730620
1661	2117.533781	56.291224	-0.213565	4.663772	12.064588
1663	2119.621997	55.661039	-0.096979	4.664932	11.849425
1665	2121.710772	56.959113	-0.229336	4.661908	11.934110
1667	2123.798590	55.845705	-0.054495	4.666852	12.094236
1673	2130.063369	56.290347	-0.049956	4.667766	11.726934
1675	2132.152004	56.344654	-0.152332	4.663855	12.067072
1681	2138.417021	55.576077	-0.301570	4.662378	11.962081
1683	2140.505100	56.470487	-0.244323	4.662636	12.083202
1687	2144.682107	56.954242	-0.109096	4.665973	12.218643
1691	2148.858437	57.009845	-0.082934	4.666152	12.102262
1693	2150.947147	51.869307	4.496888	4.653062	11.768722
1697	2155.123608	56.494484	-0.263156	4.662143	11.543940
1701	2159.299982	57.428340	-0.109785	4.662028	11.767335
1707	2165.565757	56.045852	-0.064900	4.664322	12.051395
1709	2167.653813	53.467650	4.270327	4.647791	11.958788
1711	2169.742193	56.855777	-0.086162	4.661226	11.546318
1713	2171.830512	56.285072	-0.183429	4.659799	12.233988
1715	2173.918973	55.987730	-0.105730	4.660252	11.641712
1721	2180.184259	55.253289	-0.052056	4.659688	11.909640
1729	2188.537165	56.335857	-0.255087	4.661544	12.562939
1739	2198.978974	56.186001	-0.185023	4.658738	11.878519
1743	2203.155862	56.360741	-0.240184	4.659647	11.921239
1747	2207.332380	56.814654	-0.270538	4.661571	12.114451
1749	2209.421155	56.229585	-0.245794	4.659425	11.784004
1751	2211.509382	55.293415	-0.048349	4.660756	12.114811
1753	2213.597601	56.991020	-0.165759	4.663673	12.018250
1765	2226.127662	55.934101	-0.064807	4.659890	11.707757
1771	2232.393202	56.340218	-0.085177	4.661210	11.608231
1775	2236.569594	56.022890	-0.083046	4.658688	11.691146
1777	2238.657900	55.713012	-0.121514	4.659101	12.364328
1783	2244.922898	56.334613	-0.260783	4.657905	11.714094
1789	2251.188049	56.209501	-0.311170	4.656806	11.664026
1791	2253.276587	56.842324	-0.096794	4.660701	11.656632
1793	2255.364621	56.437823	-0.166926	4.657287	11.623014
1795	2257.453258	56.388203	-0.261040	4.656960	11.677821
1797	2259.541497	59.625700	-0.028835	4.650395	11.679406
1801	2263.717962	55.692616	-0.077556	4.662431	11.914883
1805	2267.894684	56.349129	-0.234526	4.655852	12.354178
1807	2269.983334	61.369909	-3.641433	4.669439	11.861119
1813	2276.247993	56.707321	-0.315938	4.656980	12.351892
1817	2280.424700	55.589213	-0.309047	4.654592	12.438290
1819	2282.513402	57.333480	-0.270743	4.659913	12.187418
1823	2286.690305	56.761758	-0.302030	4.658027	11.818817
1825	2288.778595	57.387930	-0.148127	4.658823	12.025521
1827	2290.866950	56.481100	-0.145015	4.655648	12.272780
1835	2299.220516	56.671099	-0.314336	4.657550	11.584832
1839	2303.397167	56.567613	-0.090935	4.657912	11.621476
1841	2305.485455	56.515974	-0.206949	4.654265	11.734902
1847	2311.750626	56.434876	-0.099557	4.656654	11.427151
1849	2313.838743	55.912045	-0.188349	4.651678	11.678721
1851	2315.926984	56.256338	-0.211961	4.654369	11.660521
1855	2320.103777	56.396437	-0.254453	4.652835	11.602343
1861	2326.368739	55.246112	-0.314014	4.651005	11.938183
1865	2330.545101	56.276961	-0.318929	4.653301	12.228566
1867	2332.634481	55.254411	-0.067421	4.659929	11.268756
1869	2334.722163	55.870302	-0.076920	4.654135	11.706421
1871	2336.809989	57.394138	0.143293	4.655136	11.681885
1873	2338.898640	55.986609	-0.303425	4.650911	11.863730
1875	2340.986870	54.968990	-0.054411	4.656849	12.121590
1877	2343.075413	52.994337	3.978283	4.671473	11.754348
1879	2345.164065	56.496689	-0.328941	4.653799	12.223471
1881	2347.252536	56.594450	-0.084691	4.655870	11.870544
1883	2349.340600	71.475430	3.854453	4.639094	12.084759
1887	2353.517729	55.318146	-0.046413	4.655489	12.246011
1889	2355.606293	56.638914	-0.147609	4.650840	12.049188
1891	2357.694521	56.126721	-0.194888	4.651354	11.834554
1895	2361.870911	56.398889	-0.268373	4.652267	12.003285
1897	2363.959596	56.808518	-0.128562	4.654609	11.857937
1899	2366.047566	55.913592	-0.203177	4.652799	11.822079
1901	2368.136425	57.047657	-0.087199	4.658815	11.873944
1903	2370.224244	56.336568	-0.188730	4.651274	11.934701
1905	2372.313327	57.630295	-0.227525	4.655188	11.728461
1917	2384.842837	56.495332	-0.339531	4.651578	12.233671
1919	2386.931597	55.803708	-0.368594	4.652627	12.002926
1921	2389.019569	56.391587	-0.324759	4.653227	11.710960
1923	2391.108100	56.531270	-0.094284	4.651816	11.567162
1925	2393.196408	58.445561	-3.374110	4.662456	12.087691
1931	2399.461201	56.330286	-0.256466	4.650920	12.033115
1935	2403.637900	51.245908	3.760304	4.652527	11.890578
1937	2405.726495	56.366288	-0.095980	4.655836	12.127983
1943	2411.991170	55.024614	-0.082265	4.651188	11.962079
1945	2414.080031	56.227069	-0.192993	4.647955	11.527822
1947	2416.167779	49.997834	-0.928835	4.672551	11.622975
1953	2422.433718	56.739731	-0.263993	4.647136	11.731299
1957	2426.610508	55.437466	-0.068553	4.653053	11.561887
1959	2428.698850	55.447480	-0.077687	4.650090	12.220688
1961	2430.787083	56.125142	-0.194954	4.646888	11.340784
1963	2432.875027	57.213524	-0.308972	4.643456	11.798250
1973	2443.317373	56.255614	-0.083946	4.652534	12.069094
1975	2445.405116	62.602365	4.047329	4.635264	11.859221
1979	2449.581969	56.384249	-0.255119	4.648111	12.114793
1985	2455.847088	56.380484	-0.281346	4.648609	11.625824
1987	2457.935303	56.291168	-0.255794	4.648753	11.870557
1991	2462.111841	56.289029	-0.240019	4.648336	12.207687
1993	2464.200092	55.971560	-0.096709	4.647283	12.085399
1995	2466.288807	54.726647	-0.023994	4.651085	11.755401
1999	2470.465153	56.328724	-0.316791	4.647682	11.810669
2003	2474.642336	56.578547	-0.296905	4.648019	11.855802
2007	2478.818953	55.981905	-0.158946	4.644905	11.564597
2013	2485.083644	55.953175	-0.343024	4.645522	12.266827
2015	2487.172550	56.227333	-0.082400	4.650111	11.563878
2017	2489.260588	56.242356	-0.179582	4.643727	11.988822
2027	2499.702730	56.646802	-0.278876	4.647471	11.677817
2031	2503.879723	56.468621	-0.284600	4.646514	11.790496
2033	2505.967495	57.137920	-0.211684	4.646776	12.007369
2043	2516.409712	56.403519	-0.285851	4.646270	12.033052
2047	2520.586245	56.011524	-0.342726	4.645535	11.964734
2051	2524.762717	56.234243	-0.226589	4.643886	11.832499
2053	2526.851592	53.954195	-0.024188	4.651662	11.862888
2055	2528.939446	55.203806	-0.068912	4.647779	11.687561
2057	2531.028273	55.704087	-0.091106	4.646205	11.512675
2059	2533.116111	53.838452	0.060568	4.649923	12.154459
2065	2539.381027	56.302234	-0.240783	4.643902	11.772062
2067	2541.469500	55.928350	-0.095761	4.643901	11.431374
2069	2543.557662	56.452779	-0.106884	4.642334	12.061283
2071	2545.646500	56.374304	-0.121580	4.644813	11.687533
2073	2547.734447	53.238872	4.461260	4.629758	11.390713
2075	2549.822796	56.214837	-0.072276	4.649953	12.078998
2077	2551.910923	56.088738	-0.152381	4.643744	12.490748
2081	2556.088020	55.301875	-0.089831	4.645253	11.934679
2083	2558.176468	53.526026	1.811375	4.644653	11.616187
2087	2562.353003	55.042731	-0.304749	4.637675	12.292264
2093	2568.618786	56.090272	-0.318977	4.643295	11.965329
2101	2576.972201	56.412846	-0.271898	4.642625	11.584849
2103	2579.060364	56.635678	2.292403	4.635459	12.191436
2113	2589.501547	56.210525	-0.261062	4.642802	11.813954
2117	2593.678585	55.749286	-0.071009	4.640809	12.088650
2119	2595.767285	56.795305	-0.123496	4.640359	11.636404
2125	2602.031367	57.610422	-0.090319	4.649552	12.056275
2131	2608.296824	55.675163	-0.087312	4.646402	11.637373
2135	2612.473169	53.256633	-0.014561	4.646035	12.096119
2137	2614.561863	61.716906	-3.526847	4.652749	12.017537
2145	2622.915677	56.350011	-0.225995	4.639521	11.512174
2149	2627.092169	55.054713	-0.063311	4.643983	11.721785
2167	2645.887488	56.471673	-0.075038	4.647114	11.986109
2169	2647.975682	56.319911	-0.202553	4.638248	11.701727
2171	2650.063880	56.428619	-0.196380	4.638811	11.623768
2173	2652.152314	53.789531	-0.006654	4.647615	11.502629
2175	2654.240689	56.144174	-0.183388	4.637628	11.688766
2179	2658.417466	56.296203	-0.210234	4.638480	11.832707
2181	2660.505612	55.947797	-0.073156	4.641378	11.836160
2185	2664.682099	56.366510	-0.260460	4.638775	11.861820
2189	2668.859135	56.429751	-0.101136	4.642906	11.982234
2195	2675.124504	56.168246	-0.096100	4.644303	11.699303
2197	2677.212556	56.200668	-0.206681	4.636444	11.634866
2199	2679.300920	56.231461	-0.195365	4.635780	11.514099
2201	2681.389438	49.592226	4.124082	4.638947	11.847446
2203	2683.477881	55.772685	-0.084206	4.642254	11.784952
2207	2687.654673	56.346857	-0.274328	4.637772	12.048959
2211	2691.831168	57.204844	-0.109564	4.643623	11.794365
2215	2696.008120	56.974012	-0.275301	4.638072	12.130856
2219	2700.184535	56.192063	-0.096902	4.641130	11.806577
2221	2702.273598	54.966751	-0.061902	4.640056	11.587729
2223	2704.361389	55.577652	-0.104812	4.639618	11.895211
2225	2706.450022	53.365527	3.669559	4.626284	11.514592
2227	2708.538028	55.785132	-0.345779	4.633708	12.018860
2235	2716.891728	56.419285	-0.408022	4.638445	12.001912
2243	2725.244843	57.167275	-0.320468	4.638818	12.137671
2247	2729.421822	57.544766	-0.122100	4.636995	11.641989
2249	2731.509150	53.412859	-2.628105	4.651078	11.436425
2253	2735.686466	54.129274	-0.063040	4.638321	12.088271
2255	2737.775105	55.910465	-0.128376	4.635454	11.257437
2263	2746.128954	55.702738	-0.096963	4.637382	11.938201
2275	2758.658975	56.261299	-0.360022	4.634119	11.806488
2279	2762.835909	56.979859	-0.115290	4.640857	11.745118
2281	2764.923822	55.266864	-0.107467	4.637341	11.847885
2283	2767.012233	57.157017	3.922201	4.614460	12.187636
2285	2769.100763	54.909362	-0.076793	4.638966	11.645895
2289	2773.277514	56.270291	-0.241470	4.632587	11.499923
2291	2775.365888	58.335948	-0.313808	4.631239	12.139839
2297	2781.630863	56.238916	-0.217831	4.632372	11.662458
2305	2789.983938	55.451061	-0.067011	4.636571	11.646063
2307	2792.071981	56.192347	-0.209138	4.630923	11.903830
2309	2794.160565	62.024493	-3.296335	4.633326	11.309514
2311	2796.248842	56.798333	-0.340513	4.634449	11.901647
2315	2800.425292	56.690649	-0.106728	4.635175	11.886513
2317	2802.513894	54.675963	-0.113405	4.635955	11.729269
2319	2804.602243	49.911879	-3.203143	4.661580	11.838094
2331	2817.132400	55.918492	-0.342973	4.629607	12.349612
2337	2823.397820	56.193117	-0.356095	4.631797	11.763035
2341	2827.574856	56.042584	-0.209884	4.629785	11.568954
2343	2829.662808	49.110155	3.473385	4.638120	12.289147
2345	2831.751590	56.524641	-0.299881	4.631226	11.343722
2347	2833.839555	56.414860	-0.264991	4.631087	11.845732
2351	2838.016237	56.862733	-0.290423	4.632423	12.029501
2357	2844.281231	56.277521	-0.091535	4.635082	11.614224
2359	2846.369967	56.435581	-0.168458	4.630253	11.896564
2361	2848.457847	54.440487	-0.191816	4.622766	12.099713
2363	2850.546284	55.703636	-0.343824	4.628620	12.165782
2367	2854.723206	56.376160	-0.238160	4.629659	11.914188
2377	2865.164408	55.954115	-0.393986	4.629213	12.334762
2383	2871.429789	56.285563	-0.224894	4.628541	12.176486
2385	2873.518193	56.524208	2.874667	4.615299	11.782643
2391	2879.783021	58.418943	1.361023	4.623762	11.930999
2393	2881.872302	56.338125	-0.250500	4.628280	11.698428
2395	2883.959975	46.394967	4.423771	4.632491	12.091395
2397	2886.048657	56.739216	-0.279771	4.629159	11.973875
2399	2888.136857	55.409117	-0.067462	4.633560	11.943315
2401	2890.225823	56.181397	-0.163230	4.628309	12.003561
2409	2898.579241	55.033798	-0.042813	4.631974	11.925326
2415	2904.843772	54.671403	-0.050412	4.628683	12.295782
2419	2909.020708	53.580755	-0.033729	4.630335	12.252703
2425	2915.285937	55.322665	-0.070949	4.628164	11.443423
2427	2917.374055	55.441782	-0.083577	4.630130	12.045430
2429	2919.462692	55.829610	-0.085952	4.630186	12.074649
2435	2925.727435	53.991941	-0.277513	4.617707	11.917434
2437	2927.816043	56.688161	-0.329123	4.628416	11.869553
2449	2940.345732	56.394782	-0.322630	4.626358	11.390821
2457	2948.699680	57.263305	-0.323980	4.628644	11.926919
2459	2950.787901	56.156227	-0.273565	4.620764	12.034206
2463	2954.964787	56.180883	-0.082823	4.631850	12.010101
2465	2957.053469	56.947159	-0.208634	4.625679	11.834692
2471	2963.318406	56.533099	-0.332918	4.625585	12.099439
2475	2967.495328	55.721889	-0.326229	4.623095	12.078524
2481	2973.760560	56.398075	-0.085761	4.631677	11.452619
2483	2975.848617	46.244292	4.377020	4.628386	12.447655
2485	2977.936905	56.889870	-0.304400	4.626890	12.034221
2489	2982.113397	56.411350	-0.272626	4.623296	11.579521
2491	2984.201726	55.810052	-0.071887	4.629734	12.222573
2493	2986.290194	56.182080	-0.216121	4.623281	12.056546
2495	2988.378809	56.076672	-0.089864	4.624998	11.971851
2499	2992.555569	56.196008	-0.215148	4.623067	11.827745
2507	3000.908626	55.955055	-0.091585	4.625890	11.945756
2511	3005.085288	56.986199	-0.118159	4.628883	12.067871
2513	3007.173606	52.064224	-3.753410	4.654341	11.673074
2517	3011.350159	56.997053	-0.223241	4.623338	11.397339
2519	3013.438665	56.695401	-0.310064	4.625095	11.941937
2521	3015.527108	56.293156	-0.319119	4.622842	11.832241
2523	3017.615480	56.149432	-0.214548	4.622241	11.801237
2525	3019.703602	48.031805	1.209789	4.653581	12.068253
2527	3021.792277	53.204010	-0.039746	4.624509	11.635520
2531	3025.969195	55.121211	-0.289867	4.618322	11.699565
2533	3028.057420	56.202212	-0.242373	4.622969	12.178561
2535	3030.145759	56.266256	-0.204007	4.621849	11.456000
2537	3032.234176	56.356372	-0.187081	4.623318	11.764965
2539	3034.322276	56.339615	-0.311838	4.623217	11.972177
2541	3036.410902	56.184744	-0.223799	4.621768	12.153114
2543	3038.499128	67.092264	-4.355935	4.643787	12.021710
2545	3040.587861	57.206059	-0.101693	4.625034	11.756376
2547	3042.675928	56.176841	-0.204587	4.621010	11.597089
2555	3051.029099	55.655171	-0.061552	4.625192	12.068829
2557	3053.117704	40.172416	-4.263917	4.691795	11.956908
2563	3059.382655	56.619244	-0.087014	4.624875	12.576010
2565	3061.471267	53.482850	3.842013	4.609251	11.491794
2569	3065.647882	56.011891	-0.357924	4.620601	11.430957
2579	3076.089386	56.227466	-0.343525	4.621304	11.834310
2583	3080.266062	57.237427	-0.085820	4.629158	11.876057
2585	3082.354966	55.355960	-0.082761	4.622098	11.478163
2597	3094.885022	56.359706	-0.246369	4.619683	11.814643
2599	3096.973210	67.987472	-4.056060	4.625561	12.216772
2601	3099.061732	56.113257	-0.067676	4.622798	11.967243
2609	3107.415127	56.668422	-0.065263	4.627509	11.400745
2611	3109.503496	54.886149	-0.038784	4.623783	11.870776
2613	3111.591883	56.047188	-0.113979	4.620737	11.745176
2619	3117.857118	56.271731	-0.342584	4.619259	12.048946
2621	3119.944949	56.429316	-0.270281	4.619988	11.961179
2623	3122.033996	46.238968	0.782232	4.647136	11.886869
2625	3124.121786	56.199413	-0.210754	4.617973	11.891449
2631	3130.386921	55.619984	-0.329235	4.615356	11.674201
2641	3140.828682	56.217992	-0.068301	4.624175	12.089090
2661	3161.712511	56.723467	-0.263697	4.617510	12.096539
2665	3165.889018	56.410528	-0.254795	4.617873	11.963532
2667	3167.978058	56.807630	-0.176302	4.619418	11.388451
2669	3170.065975	56.517214	-0.071978	4.622710	12.108777
2671	3172.154605	55.441135	-3.465095	4.632657	11.652727
2673	3174.242532	55.928904	-0.256871	4.618730	11.804389
2679	3180.507802	55.737492	-0.060210	4.622520	11.430119
2681	3182.596070	57.066257	-0.178889	4.616283	12.239367
2683	3184.684749	56.717558	2.770012	4.602172	11.956319
2687	3188.861097	70.927817	-3.413316	4.615680	12.283000
2689	3190.949948	53.539041	-0.221925	4.606742	12.166088
2695	3197.214588	56.348495	-0.073797	4.624915	11.704069
2697	3199.303156	59.313714	-0.826012	4.610464	11.754413
2699	3201.391031	55.885685	-0.062868	4.621845	11.899517
2703	3205.568023	56.451074	-0.279718	4.616729	11.751582
2709	3211.832895	54.807760	-0.273499	4.610563	12.060705
2711	3213.921540	56.338812	-0.226229	4.615067	11.982011
2713	3216.009613	55.898253	-0.127241	4.615299	12.071583
2717	3220.186322	56.391597	-0.242585	4.615556	12.638037
2719	3222.275107	56.317313	-0.200130	4.613877	11.487021
2721	3224.363184	56.704953	3.766106	4.596710	11.796571
2723	3226.452077	56.387258	-0.242554	4.614900	11.789335
2725	3228.539768	56.611001	3.792944	4.597384	11.709829
2727	3230.628527	56.178019	-0.346146	4.613810	11.678597
2731	3234.805428	56.608320	-0.077198	4.620033	11.760051
2733	3236.893710	77.599186	3.724449	4.613215	11.386331
2745	3249.423838	55.985780	-0.080009	4.615656	11.934393
2747	3251.511840	48.621090	-3.840076	4.651562	12.213585
2751	3255.688764	56.430977	-0.249958	4.613521	11.730318
2753	3257.776842	45.979893	4.179403	4.617442	11.532748
2755	3259.865938	56.202841	-0.197116	4.612475	12.058165
2757	3261.953536	56.473725	-0.142785	4.613034	11.773443
2759	3264.042253	56.271227	-0.163232	4.612974	11.606585
2761	3266.130671	62.038620	-3.233592	4.614584	12.213110
2769	3274.484247	55.251846	-0.060935	4.616630	12.213628
2771	3276.572284	55.525175	-0.140395	4.615860	11.654982
2773	3278.660755	56.671357	3.484721	4.596425	11.700376
2775	3280.749182	56.156446	-0.090341	4.618303	12.001619
2777	3282.837881	56.316617	-0.203186	4.611309	11.718554
2781	3287.014518	56.810858	-0.313165	4.614235	11.933303
2797	3303.721371	56.133694	-0.076990	4.613391	12.027303
2799	3305.809994	56.241957	-0.220238	4.610689	11.872832
2801	3307.897953	52.113379	1.354522	4.624759	11.827480
2803	3309.986675	56.294393	-0.112250	4.617857	11.562406
2807	3314.163239	56.636696	-0.113780	4.613443	11.594796
2809	3316.252190	55.105401	-0.053118	4.616469	11.382840
2813	3320.428656	56.251911	-0.206978	4.609950	11.500589
2815	3322.516818	56.195358	-0.133661	4.611079	12.211507
2823	3330.869846	55.840831	-0.327049	4.608691	12.212955
2829	3337.135456	56.338788	-0.198457	4.609401	11.934681
2831	3339.223480	59.261555	-0.500365	4.604281	11.660980
2835	3343.400144	56.961289	-0.085998	4.612284	12.172538
2837	3345.488620	56.278998	-0.179849	4.608902	11.576169
2839	3347.576868	56.410791	-0.159177	4.609804	12.115147
2841	3349.665550	70.933532	-3.474303	4.608802	11.626374
2847	3355.930431	54.455585	-0.061013	4.610283	12.014692
2849	3358.019185	49.339520	4.146544	4.609279	11.712462
2859	3368.460936	55.233975	-0.060406	4.613492	12.126240
2865	3374.725711	55.763092	-0.084175	4.612112	11.937826
2867	3376.814258	51.856936	1.707015	4.621348	11.597080
2869	3378.902667	57.056837	-0.275546	4.610732	12.228301
2873	3383.079559	56.219270	-0.065581	4.616007	12.456940
2883	3393.521147	56.273280	-0.288837	4.606174	11.817463
2885	3395.609674	55.993411	-0.083894	4.610350	12.304344
2887	3397.697809	56.505154	-0.196859	4.605828	11.843323
2889	3399.786690	55.360958	-0.068836	4.615511	11.887822
2897	3408.139849	56.270845	-0.227514	4.606629	11.731427
2899	3410.228279	55.777943	-0.088158	4.608895	12.234496
2901	3412.316633	89.467544	3.313698	4.669899	12.018784
2903	3414.405027	53.440292	-0.229207	4.595933	11.848457
2905	3416.492968	55.524335	-0.085863	4.612765	12.047343
2907	3418.581821	56.968010	-0.199487	4.610794	11.755742
2917	3429.023265	57.202824	-0.336367	4.609794	11.912823
2919	3431.111752	53.252557	-0.017524	4.615291	11.836774
2921	3433.200014	55.861229	-0.118678	4.611340	12.373435
2923	3435.288470	47.400719	4.083590	4.609657	11.593818
2925	3437.376557	56.416791	-0.265732	4.606423	12.352864
2929	3441.553884	56.232767	-0.083620	4.612801	12.048690
2933	3445.730155	54.957546	-0.074104	4.610911	11.835018
2935	3447.818300	54.640633	-0.068642	4.610873	11.715911
2945	3458.260326	56.638709	-0.104568	4.609183	11.927992
2947	3460.348596	55.996612	-0.154929	4.606782	11.742407
2949	3462.436903	56.077899	-0.185548	4.603207	12.367342
2955	3468.702264	56.320606	-0.222397	4.604263	11.435981
2957	3470.790347	56.481368	-0.132675	4.604741	11.801655
2971	3485.408957	57.341230	-0.094446	4.610533	11.514330
2973	3487.497498	56.150408	-0.134802	4.606371	12.071320
2975	3489.585555	53.364956	-3.448416	4.623670	11.821754
2977	3491.674240	56.248820	-0.348663	4.603782	11.746301
2979	3493.762172	55.879932	-0.073338	4.610702	12.064651
2981	3495.850864	57.200620	-0.294776	4.598810	11.635020
2985	3500.027440	56.510580	-0.257279	4.604615	11.834759
2987	3502.115499	53.365848	0.046416	4.606002	12.093568
2989	3504.203997	56.318110	-0.240794	4.603718	11.735483
2993	3508.380728	56.791354	-0.288429	4.604311	11.807578
2997	3512.557679	56.443696	-0.085174	4.610950	11.707212
3001	3516.734547	54.081024	-0.050339	4.604826	11.935589
3003	3518.822956	61.971255	-3.282025	4.605472	11.701787
3007	3522.999666	56.014870	-0.334547	4.601891	11.734400
3011	3527.176606	56.128445	-0.073507	4.610355	11.689917
3013	3529.264850	56.033201	-0.139296	4.606310	11.679363
3021	3537.618195	56.151019	-0.307639	4.600891	11.948606
3023	3539.706862	56.149541	-0.069681	4.607537	11.607475
3025	3541.794973	56.325360	-0.221021	4.602395	11.593258
3029	3545.971963	54.939293	-0.046952	4.607798	12.001070
3031	3548.060009	56.343822	-0.204018	4.601804	12.015672
3033	3550.148308	54.697338	-0.061535	4.607067	11.609323
3035	3552.236966	51.897966	-3.717306	4.631714	11.757082
3037	3554.324926	56.709608	-0.239452	4.600518	11.912116
3043	3560.590435	56.602853	-0.341623	4.601961	11.937005
3049	3566.855162	56.824562	-0.310879	4.601982	12.003203
3053	3571.031908	55.836973	-0.346081	4.600631	11.924707
3055	3573.120647	56.385337	-0.303753	4.601411	11.777925
3061	3579.385479	55.745061	-0.056428	4.608754	11.952069
3063	3581.474149	56.385042	-0.149539	4.601241	12.054262
3065	3583.562320	62.083028	-0.997004	4.596424	12.207384
3067	3585.651037	56.405580	-0.247987	4.600704	11.400395
3069	3587.738952	56.199328	-0.206676	4.602894	12.165151
3075	3594.004453	56.024717	-0.295099	4.597670	11.790708
3077	3596.092586	55.767422	-0.071871	4.606296	12.255252
3081	3600.269482	56.150973	-0.076750	4.604892	12.010944
3085	3604.446221	57.084156	-0.097501	4.604291	11.908276
3087	3606.534822	56.690190	2.963737	4.584625	11.786546
3091	3610.711380	56.129581	-0.189666	4.598460	12.257814
3093	3612.799579	56.660326	-0.197347	4.598706	11.746055
3103	3623.241350	56.784478	-0.322447	4.600109	11.731090
3115	3635.771256	56.370625	-0.231444	4.598850	12.099045
3117	3637.859543	56.620585	-0.173572	4.599434	12.073416
3125	3646.213253	57.743869	-0.308423	4.590396	12.042337
3127	3648.301475	56.870044	-0.250342	4.598621	11.891142
3133	3654.566894	55.249818	-0.265444	4.594675	12.087023
3137	3658.743545	54.747346	-0.029701	4.600860	12.202510
3139	3660.832072	56.626898	2.797090	4.583883	11.950726
3147	3669.185379	56.904370	-0.048090	4.603589	11.785101
3149	3671.273810	56.608777	-0.150671	4.599819	11.627837
3155	3677.538963	55.862972	-0.285877	4.596943	11.772637
3157	3679.627333	56.979303	-0.042229	4.607161	11.732656
3159	3681.715667	55.262324	-0.050026	4.602097	11.709389
3161	3683.803848	55.950523	-0.039777	4.600648	11.750677
3163	3685.892526	55.689287	-0.061623	4.600541	11.802970
3165	3687.980347	47.935873	-2.848430	4.632675	11.643796
3171	3694.245757	56.348273	-0.315515	4.597107	12.022609
3173	3696.333740	56.632361	-0.295723	4.597435	12.301075
3175	3698.422547	56.186473	-0.031261	4.603128	11.375295
3177	3700.510569	62.383136	-0.543416	4.590703	11.862434
3179	3702.599148	54.517717	-0.198740	4.591091	11.773785
3185	3708.863659	56.942696	-0.232848	4.597054	11.848931
3187	3710.952434	56.249082	-0.159646	4.596092	12.229421
3195	3719.305659	56.926744	-0.046135	4.603258	12.162656
3203	3727.659688	54.976176	-0.011862	4.601364	11.982133
3209	3733.924670	56.455871	-0.055898	4.604434	11.852936
3211	3736.012872	56.710361	3.529375	4.578378	12.272321
3215	3740.189844	56.426738	-0.249099	4.597002	11.472340
3227	3752.720159	56.330299	-0.198694	4.594501	11.687651
3229	3754.808194	53.994660	0.056045	4.603579	11.928170
3239	3765.249950	55.931759	-0.338692	4.593786	11.926228
3241	3767.338278	55.367145	-0.051356	4.600617	11.464918
3243	3769.426661	56.454616	-0.176221	4.594939	12.168605
3245	3771.515043	55.607525	-0.091096	4.600908	11.565725
3247	3773.603253	60.699010	-0.387359	4.593729	12.445902
3249	3775.691913	56.939410	-0.076487	4.602690	11.727762
3251	3777.780091	56.328896	-0.188600	4.594405	12.065907
3253	3779.868565	54.860124	-0.178203	4.586431	11.424383
3257	3784.045459	56.194153	-0.119903	4.595819	11.684656
3263	3790.310141	56.841993	-0.286649	4.595951	12.132334
3269	3796.575548	57.065746	-0.197177	4.593923	11.687869
3275	3802.840651	56.375301	-0.054931	4.600171	11.604331
3279	3807.017627	56.861879	-0.084085	4.595524	12.070595
3281	3809.105721	56.743980	-0.177264	4.593732	11.859016
3283	3811.194312	56.194590	-0.190773	4.592897	11.721193
3287	3815.370931	55.259555	-0.272013	4.590463	11.636667
3289	3817.459228	56.572214	-0.066613	4.598926	12.465395
3301	3829.989324	56.323698	-0.201326	4.592408	12.177413
3303	3832.077812	58.747379	0.596680	4.589581	11.597487
3311	3840.431186	55.937509	-0.204190	4.591461	11.261573
3313	3842.519528	57.187940	-0.074914	4.600335	11.997718
3315	3844.608092	56.611824	-0.068403	4.591899	11.658070
3317	3846.696242	52.452842	-3.227249	4.610830	12.093236
3323	3852.961229	55.813913	-0.058066	4.596266	12.105868
3325	3855.049740	53.801254	0.003961	4.599110	12.204125
3327	3857.138199	56.388014	-0.141398	4.592641	12.024975
3329	3859.226544	56.857051	-0.205128	4.590048	11.836024
3337	3867.580182	57.562845	-0.093789	4.599256	11.768511
3339	3869.668514	57.587599	-0.254677	4.587693	11.699679
3343	3873.844792	55.961666	-0.329038	4.589459	11.861996
3345	3875.933121	54.957770	-0.270641	4.586274	12.166631
3347	3878.022004	56.436249	-0.234450	4.592310	11.251366
3349	3880.109953	39.676301	3.843384	4.615334	11.783730
3351	3882.198870	55.701580	-0.026894	4.599494	11.472986
3353	3884.287134	55.575716	-0.070976	4.594088	12.003162
3359	3890.552177	54.024096	-0.021297	4.595994	11.951698
3365	3896.817186	56.267707	-0.185756	4.590133	12.264595
3367	3898.905466	55.608675	-0.083244	4.595306	11.982769
3369	3900.993629	52.397640	-3.222883	4.610431	12.130342
3373	3905.170526	52.342656	-3.543984	4.615874	11.523377
3375	3907.258662	56.168042	-0.303996	4.590397	11.912850
3379	3911.435698	55.945683	-0.320254	4.587522	11.974839
3383	3915.612503	56.295876	-0.054100	4.595904	11.747129
3387	3919.789406	56.362375	-0.322785	4.590306	11.829474
3391	3923.966342	56.229506	-0.201997	4.589972	11.761059
3393	3926.054362	56.794927	-0.143013	4.590440	11.972184
3395	3928.142686	57.500918	-0.223482	4.590694	11.806374
3399	3932.319930	56.325827	-0.309315	4.589218	11.876892
3403	3936.496523	55.921511	-0.052589	4.596590	12.090868
3405	3938.584670	56.745043	-0.179687	4.590125	11.987160
3413	3946.938120	56.558916	-0.235240	4.590107	11.858165
3415	3949.026153	55.955480	-0.125170	4.591206	11.840306
3417	3951.115134	56.320852	-0.180950	4.588379	11.780452
3423	3957.379799	56.682621	-0.299531	4.590303	12.296845
3425	3959.468534	55.588100	-0.051181	4.594651	11.777269
3429	3963.645102	56.379332	-0.235500	4.589091	11.511088
3431	3965.733159	43.359691	-3.597953	4.635926	11.855572
3445	3980.351871	56.337684	-0.206411	4.587922	11.799987
3447	3982.440245	62.210834	-0.376664	4.581494	11.546441
3453	3988.705987	56.506985	-0.242027	4.588630	11.450459
3455	3990.793520	57.278499	-0.237510	4.586056	11.986647
3457	3992.882447	57.252877	-0.083391	4.596110	11.569928
3459	3994.970325	55.827422	-0.110917	4.589609	12.014428
3461	3997.059248	59.103567	-0.298383	4.587273	11.877062
3463	3999.147039	56.505093	-0.244611	4.588087	11.545926
3471	4007.500804	56.590706	-0.267557	4.587450	11.697339
3475	4011.677806	56.648754	-0.064284	4.588973	11.745398
3483	4020.030836	56.254252	-0.317622	4.586725	11.748025
3485	4022.119136	56.313573	-0.061685	4.593709	12.007131
3493	4030.473160	56.997736	-0.150736	4.585500	11.781934
3501	4038.826635	56.193765	-0.331048	4.586490	11.741441
3503	4040.914396	56.435732	-0.207049	4.586147	11.955720
3505	4043.003486	53.016852	0.011885	4.595742	11.911930
3507	4045.091443	56.346260	-0.171608	4.585091	11.885702
3517	4055.533663	57.374902	-0.080307	4.589412	11.931836
3519	4057.621804	56.565655	-0.146213	4.586043	11.638091
3521	4059.709939	56.217585	-0.178938	4.584603	11.648498
3523	4061.798410	54.825187	-0.077825	4.590285	11.642708
3531	4070.152147	56.790885	-0.061037	4.593313	11.401016
3533	4072.240122	55.267373	-0.184710	4.582017	11.879385
3537	4076.416870	56.310949	-0.201066	4.585822	11.955452
3541	4080.593529	56.131707	-0.176727	4.583637	11.780421
3543	4082.681697	54.060362	-0.024741	4.591775	12.208114
3545	4084.770470	61.817655	-3.124905	4.585372	11.899998
3547	4086.858770	56.210113	-0.069576	4.589914	11.986584
3549	4088.946818	61.851890	-3.180966	4.586808	11.671868
3551	4091.035545	57.041701	-0.084892	4.590942	11.466043
3553	4093.123799	57.689088	-0.255026	4.582161	11.898527
3555	4095.211996	56.429223	-0.067826	4.594957	11.605980
3573	4114.007830	55.538404	-0.068276	4.589229	11.866843
3577	4118.184451	54.394932	-0.047385	4.584979	12.018554
3579	4120.272693	56.254540	-0.105574	4.585426	11.683813
3581	4122.361241	56.057102	-0.198965	4.580859	11.875608
3583	4124.449832	56.342213	-0.207721	4.583315	11.747098
3585	4126.537965	57.017453	-0.224568	4.582471	11.773671
3587	4128.626267	53.787296	-0.018533	4.587622	12.088691
3593	4134.891376	56.123611	-0.283651	4.580629	11.957825
3595	4136.979771	55.746071	-0.325068	4.580695	11.749317
3597	4139.068415	54.493502	-0.041338	4.585209	11.740978
3599	4141.156237	56.266488	-0.205713	4.582888	11.913387
3601	4143.244954	55.777149	-0.104630	4.584992	11.597535
3603	4145.333078	55.515033	-0.165598	4.580997	12.366338
3605	4147.421439	56.317234	-0.067299	4.585722	11.860359
3607	4149.509454	57.263192	-0.215234	4.582812	11.854249
3613	4155.774830	57.624053	-0.272826	4.583784	12.068316
3617	4159.951615	56.243631	-0.310609	4.580044	11.994356
3621	4164.128159	56.962582	-0.242830	4.581069	11.639717
3629	4172.481960	56.157652	-0.293916	4.579171	11.755967
3631	4174.570356	55.430281	-0.055877	4.588090	12.180648
3637	4180.835244	56.852672	-0.270443	4.582540	11.706525
3647	4191.277353	57.071060	-0.239570	4.582136	11.766089
3651	4195.453839	56.746630	-0.047590	4.590167	11.546234
3657	4201.719162	55.184878	-0.038318	4.585456	11.125677
3659	4203.807325	56.659677	3.241180	4.564031	11.766002
3661	4205.896138	56.414219	-0.310400	4.579553	11.617175
3671	4216.337073	56.463791	-0.219661	4.580863	11.987871
3673	4218.425926	54.179873	4.467251	4.562631	11.601101
3675	4220.514082	56.497712	-0.240741	4.580843	12.203998
3679	4224.690402	56.406900	-0.043899	4.587311	11.820728
3687	4233.044415	56.856488	-0.028705	4.589872	11.795210
3689	4235.132633	61.566892	-3.161636	4.584129	11.850513
3693	4239.309299	54.939087	-0.219332	4.574725	12.331116
3695	4241.398003	56.491690	-0.248515	4.579456	11.772749
3697	4243.486033	56.453523	-0.045471	4.587274	12.190861
3705	4251.839758	56.660283	-0.234841	4.580141	11.785843
3707	4253.928476	56.219465	-0.058854	4.586225	11.717731
3713	4260.193316	55.653326	-0.022571	4.586148	11.758256
3717	4264.369893	55.717797	-0.034189	4.586038	11.796164
3721	4268.546660	55.355328	-0.278343	4.575561	11.689653
3723	4270.635168	56.505276	-0.038251	4.584583	11.828063
3725	4272.723314	56.366759	-0.175795	4.579296	12.626246
3727	4274.812006	56.074246	-0.094833	4.581659	11.933271
3729	4276.900076	55.684572	-0.042858	4.581765	11.911864
3733	4281.076905	56.333950	-0.188697	4.578533	12.211239
3735	4283.165501	56.646029	1.722573	4.573048	12.346947
3747	4295.695649	55.693790	-0.381554	4.579345	11.653038
3761	4310.314287	56.682125	-0.226396	4.578388	11.346324
3765	4314.491193	56.503543	-0.322698	4.576610	11.619197
3767	4316.579254	56.403339	-0.258163	4.576769	11.955536
3771	4320.756000	56.224173	-0.259108	4.575590	12.122891
3777	4327.021128	61.005767	-0.758692	4.574154	11.849523
3783	4333.286465	56.331881	-0.213741	4.577215	11.516278
3785	4335.374678	52.791396	3.640078	4.569379	12.040806
3791	4341.639807	56.373101	-0.051942	4.583754	11.630602
3795	4345.816415	56.175009	-0.043908	4.585549	11.731014
3797	4347.904556	67.301011	3.598123	4.552373	11.991542
3807	4358.346501	56.302162	-0.130577	4.579641	12.007619
3817	4368.788468	55.875323	-0.310646	4.573609	11.630499
3823	4375.053783	56.364108	-0.072433	4.583477	11.787005
3825	4377.141920	55.629885	-0.101092	4.577947	12.238698
3827	4379.230830	56.505160	-0.177672	4.574884	11.448134
3833	4385.495733	57.572084	-0.272552	4.577513	12.187082
3837	4389.672295	56.316347	-0.219354	4.574932	11.935530
3839	4391.760627	56.160111	-0.146009	4.576386	11.862908
3841	4393.849238	56.070109	-0.193888	4.573778	11.760468
3843	4395.937209	57.446491	-0.184673	4.580747	12.001195
3847	4400.114100	56.713199	-0.261724	4.574855	12.420340
3855	4408.467616	56.214410	-0.076418	4.581713	11.596527
3857	4410.555809	62.488325	-0.441459	4.567939	11.847566
3859	4412.644251	56.409590	-0.232403	4.574625	12.276929
3861	4414.732558	56.980716	-0.201261	4.574591	11.734084
3863	4416.821213	56.630934	-0.331554	4.572991	11.871366
3867	4420.997648	56.520531	-0.242678	4.574994	11.804808
3869	4423.086086	55.878131	-0.121325	4.576052	11.703904
3871	4425.174190	57.116879	-0.146331	4.574610	11.691751
3873	4427.262270	56.185511	-0.186065	4.573030	11.957950
3875	4429.350993	49.707044	4.637308	4.570345	11.840276
3881	4435.615873	56.539858	-0.302115	4.573653	11.851704
3889	4443.969586	57.410105	-0.183763	4.575055	11.705265
3893	4448.146484	57.394796	-0.234542	4.575600	11.812427
3899	4454.411811	56.448561	-0.237362	4.573207	11.518811
3909	4464.853861	56.398639	-0.347068	4.571913	11.892386
3911	4466.942012	53.728449	-0.003873	4.579062	12.436181
3913	4469.030649	56.627018	2.879738	4.558357	11.790989
3917	4473.207123	55.649992	-0.303511	4.570232	11.741043
3919	4475.295267	55.632163	-0.046143	4.575577	11.823681
3921	4477.384002	56.340593	-0.192692	4.572273	11.805419
3923	4479.471747	56.588960	2.313146	4.559257	12.225874
3925	4481.560568	55.087957	-0.029577	4.578955	11.812563
3927	4483.648317	53.505545	3.369043	4.560229	12.207122
3929	4485.737297	56.333894	-0.199784	4.571749	11.564518
3931	4487.825465	56.188358	-0.100999	4.573083	11.926000
3933	4489.913638	55.679355	-0.083349	4.574242	11.893052
3935	4492.002249	63.457087	-3.090042	4.575783	11.801384
3937	4494.089858	56.805348	-0.310505	4.572216	11.795441
3939	4496.178620	56.759824	-0.318789	4.571832	12.172594
3951	4508.708948	56.287635	-0.212098	4.571267	11.787769
3953	4510.797428	55.219354	-0.077935	4.573567	12.225175
3959	4517.062605	56.326026	-0.228953	4.570508	11.483622
3961	4519.151173	54.783863	-0.095050	4.575385	12.021936
3963	4521.239483	57.529868	-0.248455	4.568221	11.878585
3965	4523.327680	56.943501	-0.234001	4.570886	11.948823
3967	4525.416369	56.326449	-0.221045	4.570560	11.315166
3969	4527.504511	56.913223	-0.239183	4.566353	11.624478
3971	4529.592980	55.724717	-0.061823	4.575045	12.122296
3973	4531.681452	56.312085	-0.181575	4.570015	11.607508
3975	4533.769787	55.983063	-0.168904	4.568373	11.884901
3979	4537.946727	56.703440	-0.069109	4.577959	11.924338
3981	4540.034863	57.593816	-0.230592	4.571108	11.590326
3983	4542.123184	55.758799	-0.036982	4.578505	12.201490
3985	4544.211786	53.009399	3.462519	4.558927	11.734631
3993	4552.564866	56.117908	-0.165925	4.569232	11.664602
3995	4554.653082	53.220670	0.047221	4.577397	12.056442
4001	4560.918250	59.261132	-0.669180	4.563320	11.907406
4003	4563.006543	56.284276	-0.182123	4.568652	11.810264
4005	4565.094529	56.705863	-0.125629	4.568142	12.001078
4011	4571.359968	51.525542	-2.572164	4.587103	12.000306
4015	4575.537091	55.821644	-0.298725	4.567092	11.701324
4017	4577.625093	55.726098	-0.307135	4.566232	12.097481
4023	4583.890787	56.138766	-0.051498	4.576205	11.576525
4025	4585.978428	55.776482	-0.083316	4.570123	11.800466
4031	4592.243710	56.716484	-0.067934	4.575652	12.122807
4033	4594.332640	56.243709	-0.130930	4.570271	11.846013
4039	4600.597239	56.410098	-0.283206	4.568424	12.089208
4043	4604.774110	56.460625	-0.242549	4.569291	11.699891
4045	4606.862663	56.791765	3.581706	4.549454	11.528657
4047	4608.950988	56.286986	-0.319643	4.568177	12.171066
4049	4611.039371	56.225495	-0.053793	4.574973	11.733761
4051	4613.127762	45.921909	3.428570	4.573489	11.455686
4053	4615.215911	56.554287	-0.301942	4.568539	12.039530
4055	4617.304316	57.043835	-0.309983	4.569628	11.681766
4061	4623.569655	55.997797	-0.041594	4.574620	11.484356
4067	4629.834581	56.426106	-0.316346	4.566465	11.912704
4071	4634.010917	56.758124	-0.207040	4.564514	12.145901
4073	4636.099662	55.984936	-0.055254	4.572004	12.052671
4075	4638.187491	55.403509	-0.111176	4.571215	11.726857
4079	4642.364425	55.365507	-0.275075	4.562440	11.812506
4081	4644.453068	56.916845	-0.063225	4.577383	11.773092
4083	4646.541214	56.157768	-0.180152	4.565429	12.143068
4085	4648.629500	56.140438	-0.189171	4.565188	11.971326
4087	4650.718199	55.512187	-0.121449	4.569055	11.803492
4093	4656.983433	56.282882	-0.196316	4.565720	11.906846
4099	4663.248180	56.404392	-0.239273	4.566923	11.333319
4103	4667.425124	56.466373	-0.239625	4.566373	11.950055
4105	4669.513872	55.663751	-0.175704	4.564800	11.950536
4107	4671.601968	56.946045	-0.253584	4.568174	11.895901
4111	4675.779001	56.088928	-0.320337	4.565113	11.833007
4115	4679.955521	56.601688	-0.305684	4.566636	11.589664
4117	4682.043835	55.117441	-0.020556	4.572261	11.417456
4119	4684.131796	56.267102	-0.097291	4.568048	11.889155
4121	4686.220626	55.276705	-0.048812	4.570479	12.035645
4123	4688.308768	55.980044	-0.049923	4.567994	11.866158
4127	4692.485623	56.201648	-0.063884	4.570637	11.475610
4129	4694.573689	54.376300	-0.015695	4.572932	12.058826
4131	4696.661764	62.027825	-1.544243	4.562087	11.681829
4133	4698.750372	56.356639	-0.053982	4.571146	11.729854
4135	4700.838509	56.221278	-0.171511	4.564476	12.092447
4137	4702.927225	55.103422	-0.081738	4.569414	11.559738
4139	4705.015303	55.752750	-0.101099	4.567842	11.815441
4141	4707.104284	55.709026	-0.101740	4.566690	12.285834
4147	4713.369443	56.691093	-0.235087	4.564368	11.437039
4155	4721.722621	56.752722	-0.077422	4.573587	11.488669
4157	4723.811520	39.526636	3.776747	4.585899	11.661779
4159	4725.899713	57.144558	-0.255780	4.566738	12.156527
4161	4727.988384	54.747924	-0.039725	4.570533	11.665277
4163	4730.076335	56.731557	-0.153337	4.565317	12.231338
4167	4734.252970	56.445626	-0.272073	4.564551	11.918820
4173	4740.517989	57.063005	-0.302472	4.565863	11.902645
4179	4746.783246	52.837081	0.021946	4.565466	11.621348
4189	4757.224686	57.300254	-0.287090	4.565478	11.527414
4193	4761.401073	56.619674	-0.054023	4.570990	12.031722
4195	4763.489830	55.520207	-0.063825	4.565763	12.336609
4197	4765.577634	56.685973	1.010280	4.559371	11.918247
4199	4767.666319	57.269473	-0.062340	4.572233	11.390861
4201	4769.754594	56.499022	-0.099686	4.563432	11.903266
4203	4771.843143	55.762119	-2.747309	4.568582	12.204917
4207	4776.020111	56.570974	-0.299245	4.561156	11.945073
4213	4782.285220	56.092387	-0.151308	4.559762	11.841097
4219	4788.550417	51.849660	0.014523	4.564431	11.832855
4221	4790.639288	55.147543	-0.094472	4.566421	11.452091
4235	4805.257728	56.557864	-0.064744	4.568026	11.644608
4243	4813.610914	56.126484	-0.048723	4.568765	11.796201
4251	4821.964142	57.012981	-0.316645	4.562357	12.272944
4253	4824.052908	56.754602	-0.062815	4.570031	11.938625
4261	4832.405641	56.335771	-0.181489	4.561482	11.675244
4269	4840.759226	56.296140	-0.173430	4.559549	11.787813
4277	4849.113020	66.610206	3.567179	4.541487	12.024053
4283	4855.378162	56.371013	-0.048514	4.570831	11.631176
4285	4857.466937	56.433376	-0.136675	4.560548	11.492518
4287	4859.555092	57.066964	-0.163384	4.561726	11.938864
4291	4863.731615	56.254991	-0.250725	4.559413	12.077279
4293	4865.820273	56.519965	-0.061240	4.563737	11.914034
4295	4867.908180	56.945703	3.331485	4.542668	11.679740
4299	4872.085491	56.163633	-0.033288	4.567167	11.725109
4301	4874.173457	56.788226	2.182123	4.546421	11.900656
4305	4878.350480	56.378220	-0.204682	4.560626	11.946726
4309	4882.527285	56.593556	-0.257045	4.558009	11.744200
4311	4884.615083	54.298212	-0.248279	4.549415	12.089065
4313	4886.703851	55.650700	-0.030653	4.566090	11.819351
4315	4888.792392	55.414558	-0.055381	4.563487	11.644747
4317	4890.879977	62.175373	-3.143564	4.565353	12.176165
4319	4892.968732	56.401305	-0.245730	4.556762	11.973643
4321	4895.056782	56.604373	-0.349827	4.559212	11.641732
4323	4897.145311	55.626519	-0.338305	4.553838	11.867968
4329	4903.410286	57.276802	-0.283369	4.560539	11.962444
4331	4905.498202	56.355640	-0.225194	4.558225	11.907249
4339	4913.852500	56.293656	-0.192310	4.557023	11.950635
4343	4918.029633	56.499009	-0.073968	4.564093	11.431670
4345	4920.117373	55.525432	-0.108794	4.560607	11.889470
4347	4922.206026	53.398843	-3.225537	4.574447	11.822844
4349	4924.294848	55.972852	-0.305365	4.556639	11.979414
4357	4932.647691	56.706682	-0.353896	4.557794	11.873926
4363	4938.912726	56.784173	-0.279535	4.558871	11.800399
4365	4941.001538	55.577331	-0.058686	4.563967	11.508974
4367	4943.089631	56.555085	-0.185427	4.558140	12.153285
4373	4949.354724	56.010740	-0.052781	4.563284	11.836239
4375	4951.443509	56.005003	-0.072673	4.559848	11.614028
4379	4955.619564	56.428200	-0.047134	4.565256	11.834917
4381	4957.708436	54.223813	-0.011398	4.564651	11.489426
4383	4959.796216	54.537047	0.022527	4.563022	12.219260
4393	4970.237822	56.209417	-0.176356	4.554922	11.959578
4395	4972.326806	56.626730	-0.150028	4.556745	11.881890
4397	4974.414613	55.796135	-2.756648	4.562965	12.137918
4399	4976.503222	56.331523	-0.191398	4.555285	11.687673
4405	4982.768907	55.709750	-0.067340	4.563433	12.196179
4407	4984.856913	56.179911	-0.157285	4.556705	12.475236
4411	4989.034193	55.328554	-0.042967	4.561921	11.904401
4413	4991.122168	55.935646	-0.101440	4.556626	12.158634
4417	4995.298945	55.576558	-0.057939	4.562801	11.970236
4419	4997.387367	48.184701	-0.784600	4.573951	11.872511
4425	5003.652551	55.727863	-0.054412	4.562710	11.721795
4427	5005.740673	53.500525	-0.026565	4.563839	12.499157
4429	5007.829554	56.171303	-0.219226	4.552499	11.691509
4431	5009.917541	56.190464	-0.182088	4.554477	11.904611
4433	5012.005915	57.703616	-0.237347	4.556774	12.326190
4439	5018.270884	56.873265	-0.242260	4.556394	12.054396
4443	5022.447446	56.387738	-0.201919	4.554727	12.011738
4445	5024.536125	69.287838	-3.372795	4.566055	11.809659
4455	5034.977580	55.715634	-0.071741	4.555969	12.097711
4459	5039.154070	57.037536	-0.298986	4.555274	11.752159
4463	5043.331124	56.593527	-0.069617	4.561083	12.125073
4465	5045.419513	57.932588	-3.155176	4.563174	11.960541
4467	5047.508107	56.005949	-0.306846	4.551810	11.707604
4471	5051.684924	55.889964	-0.056962	4.560013	11.655978
4473	5053.773075	55.954129	-0.142399	4.555260	12.099359
4479	5060.038127	56.475340	-0.230632	4.553894	12.031149
4481	5062.126881	55.217679	-0.102871	4.557962	11.721843
4483	5064.215079	58.417624	-3.528932	4.569733	12.081486
4489	5070.479972	55.750401	-0.046118	4.558860	12.054453
4491	5072.568734	56.193686	-0.130541	4.555600	11.284880
4493	5074.656698	56.756309	2.740087	4.538269	12.121910
4495	5076.744981	56.595395	-0.259510	4.554865	11.852571
4497	5078.834065	56.627269	2.082362	4.540415	11.906734
4505	5087.186991	56.803779	-0.045627	4.562036	11.581574
4507	5089.275132	54.933577	2.459508	4.544996	11.763452
4509	5091.364009	56.504080	-0.230383	4.553525	11.602025
4513	5095.540275	56.416178	-0.217725	4.552639	11.463948
4519	5101.805526	55.846813	-0.300612	4.549754	12.077511
4529	5112.246952	56.645544	-0.256222	4.552963	12.113387
4531	5114.335968	55.002071	-0.040005	4.553915	11.618074
4537	5120.601078	55.094321	-0.264361	4.546011	11.442524
4539	5122.689298	56.732701	-0.056192	4.560651	12.376406
4541	5124.777975	63.430161	-3.349971	4.555659	11.844195
4551	5135.220016	56.711969	-0.332377	4.551344	11.413545
4555	5139.396469	54.955646	-0.030692	4.560179	11.597605
4557	5141.484587	45.533649	3.002041	4.558925	11.792435
4559	5143.573143	56.421818	-0.210241	4.550439	11.799038
4561	5145.661663	56.152958	-0.129585	4.554236	11.673367
4567	5151.926333	56.377622	-0.307727	4.549509	12.118503
4571	5156.103535	56.004294	-0.049878	4.553899	11.580125
4573	5158.191596	56.724947	-0.104783	4.552138	12.413859
4575	5160.280021	56.790028	-0.230413	4.548672	11.780323
4581	5166.544539	56.515411	-0.234893	4.551226	11.766469
4585	5170.721455	56.242877	-0.039156	4.555565	11.863906
4587	5172.809683	61.814525	-3.058254	4.552185	11.823185
4589	5174.898307	56.671446	-0.228346	4.550471	11.734001
4601	5187.428933	56.484028	-0.190555	4.549353	11.806874
4607	5193.693833	55.570942	-0.273751	4.547309	11.916832
4609	5195.782340	56.379822	-0.287916	4.547896	11.876518
4611	5197.870715	56.575509	-0.282052	4.548888	11.482692
4613	5199.958986	56.909026	-0.050070	4.558791	11.842998
4615	5202.047683	62.453783	3.284900	4.537240	11.771468
4617	5204.135489	56.390591	-0.051398	4.554522	12.350764
4619	5206.224350	56.296435	-0.187321	4.548730	11.844540
4623	5210.401010	57.154038	-0.191419	4.549837	11.661488
4629	5216.666132	47.683913	2.853519	4.553710	11.725315
4637	5225.019119	56.022727	-0.343779	4.546738	11.951146
4641	5229.195610	56.665336	-0.273704	4.548261	11.762101
4645	5233.372633	55.342384	-0.038124	4.551886	11.764853
4647	5235.461154	55.217357	0.007847	4.551299	11.683987
4649	5237.549491	53.512807	-0.150021	4.536543	11.662065
4651	5239.637700	56.150229	-0.048413	4.554356	11.922857
4653	5241.726420	56.495567	-0.109782	4.548057	11.775559
4655	5243.814297	56.248694	-0.130137	4.548394	12.113057
4657	5245.902911	45.922408	4.382306	4.545959	11.840586
4659	5247.990963	56.508972	-0.047952	4.556740	12.008690
4661	5250.079918	57.003288	-0.196704	4.547809	11.688873
4663	5252.167967	57.006488	-0.271896	4.548036	11.908742
4665	5254.256521	56.265586	-0.055185	4.557154	11.485379
4667	5256.344746	55.761414	-0.118824	4.549733	12.295990
4669	5258.433571	58.055592	-3.575425	4.564956	11.770696
4681	5270.963771	56.948180	-0.193231	4.546281	11.870154
4683	5273.051971	56.313113	-0.301555	4.546783	11.488902
4685	5275.140269	56.569111	-0.287644	4.546239	11.803607
4687	5277.228745	55.328210	-0.044586	4.554847	11.869175
4689	5279.316701	54.182712	-2.719858	4.560711	12.322634
4697	5287.670641	52.417060	0.017328	4.549791	11.595556
4699	5289.759079	56.577351	-0.130119	4.548003	12.132665
4703	5293.935661	55.924184	-0.058959	4.552315	11.643837
4705	5296.024009	59.296045	-0.007448	4.538169	11.794643
4711	5302.288982	57.838839	0.075386	4.549840	11.851201
4721	5312.731014	56.646444	-0.248084	4.544117	11.714160
4723	5314.818974	56.436410	-0.071897	4.553516	12.131553
4725	5316.907713	56.511933	-0.178291	4.544652	11.770388
4727	5318.996134	56.386323	-0.207119	4.545412	11.913670
4729	5321.084395	57.401041	-0.259965	4.541135	12.031173
4733	5325.261143	56.415933	-0.216396	4.544684	11.870152
4735	5327.349964	56.824721	-0.191730	4.545166	11.881327
4739	5331.526733	56.983008	-0.282320	4.545711	11.851854
4751	5344.056978	56.952183	-0.286261	4.545212	11.815047
4755	5348.233581	57.561152	-0.204088	4.544555	11.909791
4757	5350.321927	55.554033	-0.042253	4.551091	11.654685
4761	5354.498447	56.248337	-0.020680	4.553136	11.859513
4763	5356.586764	57.609427	-0.238158	4.545040	11.642738
4765	5358.674781	56.272627	-0.043451	4.550100	12.067029
4769	5362.852027	56.588101	-0.227092	4.545657	11.383822
4771	5364.939950	56.327574	-0.165265	4.542017	12.070092
4773	5367.028515	55.685249	-0.017329	4.551297	11.282170
4777	5371.205303	56.454893	-0.287767	4.543532	11.336417
4781	5375.381853	40.154151	3.826988	4.563447	11.466506
4787	5381.646883	56.301440	-0.030559	4.553147	12.007150
4791	5385.823622	56.272437	-0.171215	4.542747	11.841480
4793	5387.912201	56.726910	1.834794	4.536289	11.559966
4795	5390.000478	55.472674	-0.019083	4.553380	11.920705
4797	5392.089334	56.215175	-0.125398	4.546407	11.286526
4805	5400.442818	55.696263	-0.024411	4.551915	11.607560
4811	5406.707701	55.723712	-0.284171	4.540790	11.553581
4813	5408.796051	56.534101	-0.185699	4.543767	11.633997
4815	5410.884201	59.420063	-1.005519	4.538147	11.672158
4819	5415.060986	56.247110	-0.023563	4.550653	11.887593
4821	5417.149644	56.794041	-0.194019	4.542874	11.482054
4827	5423.414590	53.980348	-2.142333	4.555191	11.372777
4829	5425.502827	56.059920	-0.008372	4.551238	11.726657
4831	5427.591200	53.075090	-1.728906	4.557380	11.662918
4837	5433.856037	56.388527	-0.164242	4.542912	11.953952
4839	5435.944651	56.390057	-0.157533	4.542322	11.755294
4841	5438.032821	57.103268	2.215063	4.533256	11.784053
4849	5446.386554	56.781369	-0.264393	4.542694	12.392316
4855	5452.651741	56.032597	-0.255290	4.539633	11.647981
4859	5456.828575	56.593769	-0.257821	4.542771	11.941115
4861	5458.916847	56.046298	-0.292721	4.540099	11.512179
4863	5461.005322	55.552250	-0.008582	4.550605	12.090844
4865	5463.093943	56.463792	-0.158429	4.541801	11.675111
4867	5465.181869	56.574284	-0.154080	4.542503	12.115649
4871	5469.358615	55.799448	-0.025903	4.550169	12.137630
4873	5471.447155	56.399768	-0.160775	4.541552	11.644548
4875	5473.535136	56.199368	-0.101917	4.547093	12.138709
4877	5475.623963	57.054998	-0.153291	4.545181	11.517774
4879	5477.712107	55.056755	-0.025026	4.544987	12.031967
4881	5479.800737	53.502926	-0.007973	4.550501	12.056175
4883	5481.888977	56.925398	-0.193330	4.541017	12.044635
4885	5483.977657	55.332143	-0.031816	4.547692	11.897126
4887	5486.065351	56.851163	-0.189592	4.541282	11.741388
4889	5488.154246	56.530609	-0.043511	4.548779	11.874134
4893	5492.330918	56.412796	-0.192573	4.541348	12.124864
4895	5494.419059	56.586047	-0.198132	4.540165	11.815432
4901	5500.684335	53.588475	0.003990	4.546140	12.049712
4903	5502.772387	55.472714	-0.051726	4.545383	11.946443
4905	5504.860879	56.358741	-0.133970	4.542869	11.627882
4907	5506.948973	45.449277	4.053686	4.542567	12.338450
4911	5511.125672	55.935541	-0.315933	4.537171	12.036162
4913	5513.214155	56.635449	-0.234156	4.539080	11.731622
4917	5517.390849	56.517325	-0.061269	4.549792	12.207622
4919	5519.479490	57.854596	-0.214055	4.540144	11.896809
4923	5523.656594	56.788153	-0.068588	4.548684	11.383419
4925	5525.744304	53.228836	-3.349375	4.558495	12.380751
4939	5540.363316	57.008717	-0.278399	4.540913	11.668761
4945	5546.628234	56.883948	-0.277480	4.540363	11.641419
4949	5550.804764	56.338722	-0.040306	4.545254	12.155796
4955	5557.070470	56.158281	-0.042217	4.547598	11.785461
4957	5559.158332	36.029576	4.190004	4.564024	12.051114
4959	5561.247132	56.540067	-0.041494	4.548810	11.844316
4961	5563.334884	56.290473	-0.112535	4.541208	11.729859
4963	5565.423508	56.887748	-0.192286	4.539231	11.316163
4967	5569.599971	56.465343	-0.041245	4.547620	11.961354
4969	5571.688653	61.912740	-2.988251	4.539562	11.654854
4975	5577.953666	56.695408	-0.323489	4.539004	11.973057
4983	5586.306863	67.110914	3.455635	4.515707	11.919352
4985	5588.395740	56.898856	-0.061704	4.547820	12.073288
4987	5590.483684	45.915638	-2.399251	4.569507	11.747002
4991	5594.660648	56.221293	-0.286299	4.536898	11.801966
4999	5603.014078	56.297710	-0.323834	4.536792	12.278075
5005	5609.279636	57.330251	-0.074556	4.543778	11.829893
5011	5615.544673	53.934493	-0.004895	4.545737	11.832653
5013	5617.632486	55.074208	-0.049405	4.542901	11.984776
5019	5623.897946	56.775871	-0.335721	4.538148	11.936544
5033	5638.516143	56.625639	-0.074556	4.543545	12.217675
5037	5642.693291	56.374009	-0.189832	4.536388	11.825410
5039	5644.781487	56.404119	-0.195013	4.536513	12.074663
5041	5646.870146	53.858699	-0.047393	4.545434	11.809222
5043	5648.958079	52.619548	3.738782	4.527855	11.601505
5047	5653.134926	56.186746	-0.049892	4.545032	11.907213
5049	5655.223390	53.748608	-0.039448	4.543752	11.762408
5051	5657.311747	55.797669	-0.170153	4.534488	12.086849
5055	5661.488526	58.516342	-0.090282	4.545248	11.924437
5057	5663.577163	51.145631	-2.703685	4.556251	11.477356
5061	5667.753737	56.644057	-0.309648	4.535616	11.533829
5065	5671.930406	53.908175	-0.009818	4.536239	11.770564
5067	5674.018982	55.593938	-0.062532	4.538971	11.816382
5069	5676.107044	55.122007	-0.058985	4.540918	12.022299
5075	5682.372245	56.626614	-0.344134	4.535497	11.518739
5079	5686.549185	57.342024	-0.173439	4.533693	11.932689
5081	5688.637241	56.506289	-0.266813	4.533517	11.930392
5087	5694.901909	56.425333	-0.200678	4.536198	12.043014
5089	5696.990540	54.593471	-0.022363	4.540721	11.575520
5093	5701.167115	55.241644	-0.224921	4.530544	11.790935
5101	5709.520801	56.437028	-0.173771	4.535402	11.785001
5107	5715.786059	56.572300	-0.052525	4.543118	12.070945
5111	5719.962718	56.707581	-0.049311	4.542744	11.965265
5121	5730.404750	55.752165	-0.313297	4.530645	11.950100
5123	5732.492814	55.783151	-0.038490	4.542102	11.961171
5125	5734.581487	57.038026	-0.163794	4.535443	11.403780
5127	5736.669858	56.155848	-0.317461	4.533104	11.724427
5131	5740.846201	56.512047	-0.198738	4.535239	11.786879
5133	5742.934914	55.237698	-0.060745	4.538892	11.727575
5135	5745.022906	54.679949	0.003033	4.539912	11.984139
5139	5749.199994	56.308174	-0.169956	4.534632	12.173052
5149	5759.641607	55.569331	-0.012902	4.538889	11.806079
5151	5761.729880	55.764498	-0.157454	4.532197	11.843371
5153	5763.818531	54.864075	-0.051608	4.539369	12.298431
5155	5765.906793	55.887537	-2.706268	4.536733	12.157728
5157	5767.995128	56.521068	-0.044088	4.543609	11.730370
5159	5770.083635	55.736492	-0.078229	4.537129	12.014626
5167	5778.437526	56.699512	-0.244584	4.532239	11.599936
5175	5786.790583	53.944322	-0.020845	4.540718	12.173388
5177	5788.879251	56.867798	-0.182293	4.532536	11.483085
5179	5790.967278	55.828911	-0.324203	4.530153	12.249814
5181	5793.055807	56.626517	-0.061023	4.538046	11.533309
5185	5797.232431	55.533834	-0.044764	4.538938	11.868694
5187	5799.320957	56.144173	-0.133481	4.535400	11.805615
5189	5801.409441	56.057541	-0.096100	4.535530	11.846051
5191	5803.498074	56.857839	2.473434	4.518248	11.868998
5201	5813.939783	54.529428	-0.008569	4.537666	11.601335
5203	5816.027571	56.463264	-0.176895	4.533596	12.538793
5205	5818.116355	63.340399	3.310490	4.522358	12.065229
5207	5820.204653	55.605899	-0.022938	4.540000	11.850727
5211	5824.381286	56.429644	-0.184931	4.532602	11.583494
5213	5826.469723	61.746435	-3.583475	4.539673	11.715327
5215	5828.557620	55.252532	-0.255350	4.527618	11.914502
5223	5836.911463	58.749931	-0.027637	4.528995	11.990348
5227	5841.088210	56.217150	-0.319347	4.530313	11.762026
5233	5847.353263	53.639545	-0.006533	4.539533	11.887249
5237	5851.529776	56.468792	-0.209296	4.531469	11.998993
5239	5853.618373	60.809584	-3.342295	4.542346	11.857221
5245	5859.883757	56.283431	-0.045744	4.542057	11.700156
5257	5872.413956	56.941122	-0.070876	4.537703	12.008786
5265	5880.767463	56.480981	-0.205880	4.531381	11.745990
5267	5882.855734	55.897820	-0.095708	4.536408	11.825919
5287	5903.739060	56.633152	-0.066910	4.536119	11.820621
5293	5910.004132	56.462908	-0.210689	4.530428	11.999568
5295	5912.092930	55.760912	-0.125939	4.533557	11.659889
5299	5916.269479	57.320140	-0.076369	4.539165	11.612826
5301	5918.357875	56.536270	2.547437	4.516181	11.269489
5303	5920.446341	56.333474	-0.058572	4.538285	12.055276
5305	5922.535443	56.318263	-0.189084	4.529397	11.569545
5307	5924.623035	53.288957	2.458781	4.521437	11.775200
5317	5935.064716	56.596051	-0.296048	4.529745	11.669913
